0,5,-0.72,-0.00,-0.01,-0.69,0.02,0.02,0.01,1.00,0.01,0.01,-0.02,-1.00,100.50
0,21,-0.72,-0.00,-0.01,-0.69,0.02,0.02,0.01,1.00,0.01,0.01,-0.02,-1.00,100.48
0,69,-0.72,-0.00,-0.01,-0.69,0.02,0.02,0.01,1.00,0.01,0.01,-0.02,-1.00,100.52
0,85,-0.72,-0.00,-0.01,-0.69,0.02,0.02,0.01,1.00,0.01,0.01,-0.02,-1.00,100.46
0,101,-0.72,-0.00,-0.01,-0.69,0.02,0.02,0.01,1.00,0.01,0.01,-0.02,-1.00,100.48
0,117,-0.72,-0.00,-0.01,-0.69,0.02,0.02,0.01,1.00,0.01,0.01,-0.02,-1.00,100.50
0,133,-0.72,-0.00,-0.01,-0.69,0.02,0.01,0.01,1.00,0.01,0.01,-0.02,-1.00,100.48
0,149,-0.72,-0.00,-0.01,-0.69,0.02,0.01,0.01,1.00,0.01,0.01,-0.02,-1.00,100.46
0,165,-0.72,-0.00,-0.01,-0.69,0.02,0.01,0.01,1.00,0.01,0.01,-0.02,-1.00,100.48
0,213,-0.72,-0.00,-0.01,-0.69,0.02,0.01,0.01,1.00,0.01,0.01,-0.02,-1.00,100.50
0,229,-0.72,-0.00,-0.01,-0.69,0.02,0.01,0.01,1.00,0.01,0.01,-0.02,-1.00,100.52
0,245,-0.72,-0.00,-0.01,-0.69,0.02,0.01,0.01,1.00,0.01,0.01,-0.02,-1.00,100.50
0,261,-0.72,-0.00,-0.01,-0.69,0.02,0.01,0.01,1.00,0.01,0.01,-0.02,-1.00,100.50
0,277,-0.72,-0.00,-0.01,-0.69,0.02,0.01,0.01,1.00,0.01,0.01,-0.02,-1.00,100.50
0,293,-0.72,-0.00,-0.01,-0.69,0.02,0.01,0.01,1.00,0.01,0.01,-0.02,-1.00,100.48
0,309,-0.72,-0.00,-0.01,-0.69,0.02,0.01,0.01,1.00,0.01,0.01,-0.02,-1.00,100.48
0,357,-0.72,-0.00,-0.01,-0.69,0.02,0.01,0.01,1.00,0.01,0.01,-0.02,-1.00,100.48
0,373,-0.72,-0.00,-0.01,-0.69,0.02,0.01,0.01,1.00,0.01,0.01,-0.02,-1.00,100.50
0,389,-0.72,-0.00,-0.01,-0.69,0.02,0.01,0.01,1.00,0.01,0.01,-0.02,-1.00,100.48
0,405,-0.72,-0.00,-0.01,-0.69,0.02,0.01,0.01,1.00,0.01,0.01,-0.02,-1.00,100.50
0,421,-0.72,-0.00,-0.01,-0.69,0.02,0.01,0.01,1.00,0.01,0.01,-0.02,-1.00,100.48
0,437,-0.72,-0.00,-0.01,-0.69,0.02,0.01,0.01,1.00,0.01,0.01,-0.02,-1.00,100.47
0,453,-0.72,-0.00,-0.01,-0.69,0.02,0.01,0.01,1.00,0.01,0.01,-0.02,-1.00,100.50
0,501,-0.72,-0.00,-0.01,-0.69,0.02,0.01,0.01,1.00,0.01,0.01,-0.02,-1.00,100.48
0,517,-0.72,-0.00,-0.01,-0.69,0.02,0.01,0.01,1.00,0.01,0.01,-0.02,-1.00,100.48
0,533,-0.72,-0.00,-0.01,-0.69,0.02,0.01,0.01,1.00,0.01,0.01,-0.02,-1.00,100.50
0,549,-0.72,-0.00,-0.01,-0.69,0.02,0.01,0.01,1.00,0.01,0.01,-0.02,-1.00,100.48
0,565,-0.72,-0.00,-0.01,-0.69,0.02,0.01,0.01,1.00,0.01,0.01,-0.02,-1.00,100.48
0,581,-0.72,-0.00,-0.01,-0.69,0.02,0.01,0.01,1.00,0.01,0.01,-0.02,-1.00,100.46
0,597,-0.72,-0.00,-0.01,-0.69,0.02,0.01,0.01,1.00,0.01,0.01,-0.02,-1.00,100.50
0,645,-0.73,-0.00,-0.01,-0.69,0.02,0.01,0.01,1.00,0.01,0.01,-0.02,-1.00,100.48
0,661,-0.73,-0.00,-0.01,-0.69,0.02,0.01,0.01,1.00,0.01,0.01,-0.02,-1.00,100.50
0,677,-0.73,-0.00,-0.01,-0.69,0.02,0.01,0.01,1.00,0.01,0.01,-0.02,-1.00,100.48
0,693,-0.73,-0.00,-0.01,-0.69,0.02,0.01,0.01,1.00,0.01,0.01,-0.02,-1.00,100.50
0,709,-0.73,-0.00,-0.01,-0.69,0.02,0.01,0.01,1.00,0.01,0.01,-0.02,-1.00,100.48
0,725,-0.73,-0.00,-0.01,-0.69,0.02,0.01,0.01,1.00,0.01,0.01,-0.02,-1.00,100.50
0,741,-0.73,-0.00,-0.01,-0.69,0.02,0.01,0.01,1.00,0.01,0.01,-0.02,-1.00,100.48
0,789,-0.73,-0.00,-0.01,-0.69,0.02,0.01,0.01,1.00,0.01,0.01,-0.02,-1.00,100.48
0,805,-0.73,-0.00,-0.01,-0.69,0.02,0.01,0.01,1.00,0.01,0.01,-0.02,-1.00,100.48
0,821,-0.73,-0.00,-0.01,-0.69,0.02,0.01,0.01,1.00,0.01,0.01,-0.02,-1.00,100.50
0,837,-0.73,-0.00,-0.01,-0.69,0.02,0.01,0.01,1.00,0.01,0.01,-0.02,-1.00,100.48
0,853,-0.73,-0.00,-0.01,-0.69,0.02,0.01,0.01,1.00,0.01,0.01,-0.02,-1.00,100.48
0,869,-0.73,-0.00,-0.01,-0.69,0.02,0.01,0.01,1.00,0.01,0.01,-0.02,-1.00,100.48
0,885,-0.73,-0.00,-0.01,-0.69,0.02,0.01,0.01,1.00,0.01,0.01,-0.02,-1.00,100.48
0,933,-0.73,-0.00,-0.01,-0.69,0.02,0.02,0.01,1.00,0.01,0.01,-0.02,-1.00,100.48
0,949,-0.73,-0.00,-0.01,-0.69,0.02,0.01,0.01,1.00,0.02,0.01,-0.02,-1.00,100.48
0,965,-0.73,-0.00,-0.01,-0.69,0.02,0.01,0.01,1.00,0.02,0.01,-0.02,-1.00,100.48
0,981,-0.73,-0.00,-0.01,-0.69,0.02,0.01,0.01,1.00,0.02,0.01,-0.02,-1.00,100.48
0,997,-0.73,-0.00,-0.01,-0.69,0.02,0.01,0.01,1.00,0.02,0.01,-0.02,-1.00,100.50
0,1013,-0.73,-0.00,-0.01,-0.69,0.02,0.01,0.01,1.00,0.02,0.01,-0.02,-1.00,100.48
0,1029,-0.73,-0.00,-0.01,-0.69,0.02,0.01,0.01,1.00,0.02,0.01,-0.02,-1.00,100.48
0,1077,-0.73,-0.00,-0.01,-0.69,0.02,0.01,0.01,1.00,0.02,0.01,-0.02,-1.00,100.48
0,1093,-0.73,-0.00,-0.01,-0.69,0.02,0.01,0.01,1.00,0.02,0.01,-0.02,-1.00,100.50
0,1109,-0.73,-0.00,-0.01,-0.69,0.02,0.01,0.01,1.00,0.02,0.01,-0.02,-1.00,100.50
0,1125,-0.73,-0.00,-0.01,-0.69,0.02,0.01,0.01,1.00,0.02,0.01,-0.02,-1.00,100.48
0,1141,-0.73,-0.00,-0.01,-0.69,0.02,0.01,0.01,1.00,0.02,0.01,-0.02,-1.00,100.48
0,1157,-0.73,-0.00,-0.01,-0.69,0.02,0.01,0.01,1.00,0.02,0.01,-0.02,-1.00,100.48
0,1173,-0.73,-0.00,-0.01,-0.69,0.02,0.01,0.01,1.00,0.02,0.01,-0.01,-1.00,100.48
0,1221,-0.73,-0.00,-0.01,-0.69,0.02,0.01,0.01,1.00,0.01,0.01,-0.01,-1.00,100.48
0,1237,-0.73,-0.00,-0.01,-0.69,0.02,0.01,0.01,1.00,0.01,0.01,-0.01,-1.00,100.48
0,1253,-0.73,-0.00,-0.01,-0.69,0.02,0.01,0.01,1.00,0.01,0.01,-0.01,-1.00,100.46
0,1269,-0.73,-0.00,-0.01,-0.69,0.02,0.01,0.01,1.00,0.01,0.01,-0.01,-1.00,100.48
0,1285,-0.72,-0.00,-0.01,-0.69,0.02,0.01,0.01,1.00,0.01,0.01,-0.01,-1.00,100.48
0,1301,-0.72,-0.00,-0.01,-0.69,0.02,0.01,0.01,1.00,0.01,0.01,-0.01,-1.00,100.48
0,1317,-0.72,-0.00,-0.01,-0.69,0.02,0.01,0.01,1.00,0.02,0.01,-0.01,-1.00,100.48
0,1365,-0.72,-0.00,-0.01,-0.69,0.02,0.01,0.01,1.00,0.02,0.01,-0.01,-1.00,100.48
0,1381,-0.72,-0.00,-0.01,-0.69,0.02,0.01,0.01,1.00,0.02,0.01,-0.01,-1.00,100.48
0,1397,-0.72,-0.00,-0.01,-0.69,0.02,0.01,0.01,1.00,0.02,0.01,-0.01,-1.00,100.48
0,1413,-0.72,-0.00,-0.01,-0.69,0.02,0.01,0.01,1.00,0.02,0.00,-0.01,-1.00,100.50
0,1429,-0.72,-0.00,-0.01,-0.69,0.02,0.01,0.01,1.00,0.02,0.00,-0.01,-1.00,100.48
0,1445,-0.72,-0.00,-0.01,-0.69,0.02,0.01,0.01,1.00,0.02,0.00,-0.01,-1.00,100.50
0,1461,-0.72,-0.00,-0.01,-0.69,0.02,0.01,0.01,1.00,0.02,0.00,-0.01,-1.00,100.48
0,1509,-0.72,-0.00,-0.01,-0.69,0.02,0.01,0.01,1.00,0.02,0.01,-0.01,-1.00,100.48
0,1525,-0.72,-0.00,-0.01,-0.69,0.02,0.01,0.01,1.00,0.02,0.01,-0.01,-1.00,100.44
0,1541,-0.72,-0.00,-0.01,-0.69,0.02,0.01,0.01,1.00,0.02,0.01,-0.01,-1.00,100.48
0,1557,-0.72,-0.00,-0.01,-0.69,0.02,0.01,0.01,1.00,0.02,0.01,-0.01,-1.00,100.48
0,1573,-0.72,-0.00,-0.01,-0.69,0.02,0.01,0.01,1.00,0.02,0.01,-0.01,-1.00,100.48
0,1589,-0.72,-0.00,-0.01,-0.69,0.02,0.01,0.01,1.00,0.02,0.01,-0.01,-1.00,100.47
0,1605,-0.72,-0.00,-0.01,-0.69,0.02,0.01,0.01,1.00,0.02,0.01,-0.01,-1.00,100.48
0,1653,-0.72,-0.00,-0.01,-0.69,0.02,0.01,0.01,1.00,0.02,0.01,-0.01,-1.00,100.48
0,1669,-0.72,-0.00,-0.01,-0.69,0.02,0.01,0.01,1.00,0.02,0.01,-0.01,-1.00,100.50
0,1685,-0.72,-0.00,-0.01,-0.69,0.02,0.01,0.01,1.00,0.02,0.01,-0.02,-1.00,100.48
0,1701,-0.72,-0.00,-0.01,-0.69,0.02,0.01,0.01,1.00,0.01,0.01,-0.02,-1.00,100.48
0,1717,-0.72,-0.00,-0.01,-0.69,0.02,0.01,0.01,1.00,0.01,0.02,-0.02,-1.00,100.48
0,1733,-0.72,-0.00,-0.01,-0.69,0.02,0.01,0.01,1.00,0.01,0.02,-0.02,-1.00,100.50
0,1749,-0.72,-0.00,-0.01,-0.69,0.02,0.01,0.01,1.00,0.01,0.02,-0.02,-1.00,100.48
0,1797,-0.72,-0.00,-0.01,-0.69,0.02,0.01,0.01,1.00,0.01,0.01,-0.02,-1.00,100.50
0,1813,-0.73,-0.00,-0.01,-0.69,0.02,0.01,0.01,1.00,0.01,0.01,-0.01,-1.00,100.48
0,1829,-0.73,-0.00,-0.01,-0.69,0.02,0.01,0.01,1.00,0.01,0.01,-0.01,-1.00,100.54
0,1845,-0.73,-0.00,-0.01,-0.69,0.02,0.01,0.01,1.00,0.01,0.01,-0.01,-1.00,100.48
0,1861,-0.72,-0.00,-0.01,-0.69,0.02,0.01,0.01,1.00,0.01,0.01,-0.01,-1.00,100.48
0,1877,-0.72,-0.00,-0.01,-0.69,0.02,0.01,0.01,1.00,0.02,0.01,-0.01,-1.00,100.48
0,1893,-0.72,-0.00,-0.01,-0.69,0.02,0.01,0.01,1.00,0.02,0.01,-0.01,-1.00,100.48
0,1941,-0.72,-0.00,-0.01,-0.69,0.02,0.01,0.01,1.00,0.02,0.01,-0.01,-1.00,100.48
0,1957,-0.72,-0.00,-0.01,-0.69,0.02,0.01,0.01,1.00,0.02,0.01,-0.02,-1.00,100.48
0,1973,-0.72,-0.00,-0.01,-0.69,0.02,0.01,0.01,1.00,0.02,0.01,-0.02,-1.00,100.48
0,1989,-0.72,-0.00,-0.01,-0.69,0.02,0.01,0.01,1.00,0.03,0.02,-0.02,-1.00,100.50
0,2005,-0.72,-0.00,-0.01,-0.69,0.02,0.01,0.01,1.00,0.03,0.02,-0.02,-1.00,100.48
0,2021,-0.72,-0.00,-0.01,-0.69,0.02,0.01,0.01,1.00,0.05,0.02,-0.02,-1.00,100.50
0,2037,-0.72,-0.00,-0.01,-0.69,0.02,0.01,0.01,1.00,0.07,0.02,-0.02,-1.00,100.50
0,2085,-0.72,-0.00,-0.01,-0.69,0.02,0.01,0.01,1.00,0.08,0.02,-0.02,-1.00,100.50
0,2101,-0.72,-0.00,-0.01,-0.69,0.02,0.01,0.01,1.00,0.09,0.03,-0.02,-1.00,100.50
0,2117,-0.72,-0.00,-0.01,-0.69,0.02,0.01,0.01,1.00,0.09,0.02,-0.03,-0.99,100.48
0,2133,-0.72,-0.00,-0.01,-0.69,0.02,0.01,0.01,1.00,0.11,0.02,-0.03,-0.99,100.48
0,2149,-0.72,-0.00,-0.01,-0.69,0.02,0.01,0.01,1.00,0.13,0.02,-0.03,-0.99,100.50
0,2165,-0.72,-0.00,-0.01,-0.69,0.02,0.01,0.01,1.00,0.13,0.02,-0.04,-0.99,100.48
0,2181,-0.72,-0.00,-0.01,-0.69,0.02,0.01,0.01,1.00,0.14,0.02,-0.04,-0.99,100.50
0,2229,-0.72,-0.00,-0.01,-0.69,0.02,0.01,0.01,1.00,0.16,0.01,-0.05,-0.99,100.48
0,2245,-0.72,-0.00,-0.01,-0.69,0.02,0.01,0.01,1.00,0.18,0.01,-0.05,-0.98,100.48
0,2261,-0.72,-0.00,-0.01,-0.69,0.02,0.01,0.01,1.00,0.20,0.01,-0.05,-0.98,100.50
0,2277,-0.72,-0.00,-0.01,-0.69,0.02,0.01,0.01,1.00,0.22,0.01,-0.06,-0.97,100.48
0,2293,-0.72,-0.00,-0.01,-0.69,0.02,0.01,0.01,1.00,0.24,0.01,-0.06,-0.97,100.48
0,2309,-0.72,-0.00,-0.01,-0.69,0.02,0.01,0.01,1.00,0.25,0.01,-0.06,-0.97,100.48
0,2325,-0.72,-0.00,-0.01,-0.69,0.02,0.01,0.01,1.00,0.26,0.00,-0.07,-0.96,100.52
0,2373,-0.72,-0.00,-0.01,-0.69,0.02,0.01,0.01,1.00,0.30,-0.01,-0.06,-0.95,100.48
0,2389,-0.72,-0.00,-0.01,-0.69,0.02,0.01,0.01,1.00,0.32,-0.01,-0.06,-0.95,100.48
0,2405,-0.72,-0.00,-0.01,-0.69,0.02,0.01,0.01,1.00,0.34,-0.01,-0.06,-0.94,100.48
0,2421,-0.72,-0.00,-0.01,-0.69,0.02,0.01,0.01,1.00,0.35,-0.02,-0.06,-0.93,100.48
0,2437,-0.72,-0.00,-0.01,-0.69,0.02,0.01,0.01,1.00,0.38,-0.02,-0.05,-0.92,100.48
0,2453,-0.73,-0.00,-0.01,-0.69,0.02,0.01,0.01,1.00,0.40,-0.02,-0.05,-0.91,100.48
0,2469,-0.73,-0.00,-0.01,-0.69,0.02,0.01,0.01,1.00,0.42,-0.02,-0.04,-0.90,100.50
0,2517,-0.73,-0.00,-0.01,-0.69,0.02,0.01,0.01,1.00,0.46,-0.02,-0.04,-0.89,100.50
0,2533,-0.73,-0.00,-0.01,-0.69,0.02,0.01,0.01,1.00,0.48,-0.03,-0.04,-0.88,100.50
0,2549,-0.73,-0.00,-0.01,-0.69,0.02,0.01,0.01,1.00,0.50,-0.04,-0.04,-0.87,100.48
0,2565,-0.73,-0.00,-0.01,-0.69,0.02,0.01,0.01,1.00,0.51,-0.05,-0.04,-0.86,100.48
0,2581,-0.73,-0.00,-0.01,-0.69,0.02,0.01,0.01,1.00,0.52,-0.05,-0.04,-0.85,100.50
0,2597,-0.73,-0.00,-0.01,-0.69,0.02,0.01,0.01,1.00,0.54,-0.06,-0.04,-0.84,100.46
0,2613,-0.73,-0.00,-0.01,-0.69,0.02,0.01,0.01,1.00,0.56,-0.07,-0.04,-0.83,100.48
0,2661,-0.73,-0.00,-0.01,-0.69,0.02,0.01,0.01,1.00,0.60,-0.09,-0.04,-0.79,100.48
0,2677,-0.73,-0.00,-0.01,-0.69,0.02,0.01,0.01,1.00,0.62,-0.09,-0.04,-0.77,100.48
0,2693,-0.73,-0.00,-0.01,-0.69,0.02,0.01,0.01,1.00,0.64,-0.10,-0.04,-0.76,100.50
0,2709,-0.73,-0.00,-0.01,-0.69,0.02,0.01,0.01,1.00,0.65,-0.11,-0.04,-0.75,100.50
0,2725,-0.73,-0.00,-0.01,-0.69,0.02,0.01,0.01,1.00,0.66,-0.11,-0.04,-0.74,100.50
0,2741,-0.73,-0.00,-0.01,-0.69,0.02,0.01,0.01,1.00,0.67,-0.10,-0.04,-0.73,100.48
0,2757,-0.73,-0.00,-0.01,-0.69,0.02,0.01,0.01,1.00,0.69,-0.09,-0.04,-0.72,100.50
0,2805,-0.73,-0.00,-0.01,-0.69,0.02,0.01,0.01,1.00,0.72,-0.05,-0.03,-0.69,100.48
0,2821,-0.73,-0.00,-0.01,-0.69,0.02,0.01,0.01,1.00,0.73,-0.02,-0.01,-0.69,100.50
0,2837,-0.73,-0.00,-0.01,-0.69,0.02,0.01,0.01,1.00,0.73,0.01,0.01,-0.68,100.48
0,2853,-0.73,-0.00,-0.01,-0.69,0.02,0.01,0.01,1.00,0.74,0.03,0.03,-0.67,100.46
0,2869,-0.73,-0.00,-0.01,-0.69,0.02,0.01,0.01,1.00,0.73,0.02,0.01,-0.68,100.49
0,2885,-0.73,-0.00,-0.01,-0.69,0.02,0.01,0.01,1.00,0.73,-0.00,0.00,-0.69,100.48
0,2901,-0.73,-0.00,-0.01,-0.69,0.02,0.01,0.01,1.00,0.73,-0.00,-0.00,-0.68,100.50
0,2949,-0.73,-0.00,-0.01,-0.69,0.02,0.01,0.01,1.00,0.75,0.01,-0.01,-0.67,100.48
0,2965,-0.73,-0.00,-0.01,-0.69,0.02,0.01,0.01,1.00,0.75,0.01,-0.01,-0.66,100.48
0,2981,-0.73,-0.00,-0.01,-0.69,0.02,0.01,0.01,1.00,0.75,0.01,-0.01,-0.66,100.48
0,2997,-0.73,-0.00,-0.01,-0.69,0.02,0.01,0.01,1.00,0.75,0.02,-0.01,-0.66,100.46
0,3013,-0.73,-0.00,-0.01,-0.69,0.02,0.01,0.01,1.00,0.76,0.02,-0.01,-0.65,100.48
0,3029,-0.73,-0.00,-0.01,-0.69,0.02,0.01,0.01,1.00,0.76,0.01,-0.01,-0.64,100.48
0,3045,-0.73,-0.00,-0.01,-0.69,0.02,0.01,0.01,1.00,0.77,0.01,-0.01,-0.64,100.51
0,3093,-0.72,-0.00,-0.01,-0.69,0.02,0.01,0.01,1.00,0.76,0.01,-0.01,-0.65,100.48
0,3109,-0.72,-0.00,-0.01,-0.69,0.02,0.01,0.01,1.00,0.75,0.01,-0.01,-0.66,100.48
0,3125,-0.72,-0.00,-0.01,-0.69,0.02,0.01,0.01,1.00,0.74,0.01,-0.01,-0.67,100.48
0,3141,-0.72,-0.00,-0.01,-0.69,0.02,0.01,0.01,1.00,0.73,0.01,-0.01,-0.68,100.48
0,3157,-0.72,-0.00,-0.01,-0.69,0.02,0.01,0.01,1.00,0.72,0.01,-0.01,-0.69,100.48
0,3173,-0.72,-0.00,-0.01,-0.69,0.02,0.01,0.01,1.00,0.72,0.01,-0.01,-0.69,100.48
0,3189,-0.72,-0.00,-0.01,-0.69,0.02,0.01,0.01,1.00,0.72,0.01,-0.01,-0.69,100.48
0,3237,-0.72,-0.00,-0.01,-0.69,0.02,0.01,0.01,1.00,0.72,0.01,-0.01,-0.70,100.48
0,3253,-0.72,-0.00,-0.01,-0.69,0.02,0.01,0.01,1.00,0.72,0.01,-0.01,-0.70,100.48
0,3269,-0.72,-0.00,-0.01,-0.69,0.02,0.01,0.01,1.00,0.72,0.01,-0.01,-0.70,100.48
0,3285,-0.72,-0.00,-0.01,-0.69,0.02,0.01,0.01,1.00,0.72,0.01,-0.01,-0.70,100.48
0,3301,-0.72,-0.00,-0.01,-0.69,0.02,0.01,0.01,1.00,0.72,0.01,-0.01,-0.70,100.50
0,3317,-0.72,-0.00,-0.01,-0.69,0.02,0.01,0.01,1.00,0.72,0.01,-0.01,-0.70,100.48
0,3333,-0.73,-0.00,-0.01,-0.69,0.02,0.01,0.01,1.00,0.72,0.01,-0.01,-0.70,100.48
0,3381,-0.73,-0.00,-0.01,-0.69,0.02,0.01,0.01,1.00,0.72,0.01,-0.01,-0.70,100.48
0,3397,-0.72,-0.00,-0.01,-0.69,0.02,0.01,0.01,1.00,0.72,0.01,-0.01,-0.70,100.48
0,3413,-0.72,-0.00,-0.01,-0.69,0.02,0.01,0.01,1.00,0.72,0.01,-0.01,-0.70,100.48
0,3429,-0.72,-0.00,-0.01,-0.69,0.02,0.01,0.01,1.00,0.72,0.01,-0.01,-0.70,100.46
0,3445,-0.72,-0.00,-0.01,-0.69,0.02,0.01,0.01,1.00,0.72,0.01,-0.01,-0.70,100.50
0,3461,-0.72,-0.00,-0.01,-0.69,0.02,0.01,0.01,1.00,0.72,0.01,-0.01,-0.70,100.48
0,3477,-0.72,-0.00,-0.01,-0.69,0.02,0.01,0.01,1.00,0.72,0.01,-0.01,-0.70,100.44
0,3525,-0.72,-0.00,-0.01,-0.69,0.02,0.01,0.01,1.00,0.72,0.01,-0.01,-0.70,100.48
0,3541,-0.72,-0.00,-0.01,-0.69,0.02,0.01,0.01,1.00,0.72,0.01,-0.01,-0.70,100.48
0,3557,-0.72,-0.00,-0.01,-0.69,0.02,0.01,0.01,1.00,0.72,0.01,-0.01,-0.70,100.50
0,3573,-0.72,-0.00,-0.01,-0.69,0.02,0.01,0.01,1.00,0.72,0.01,-0.01,-0.70,100.48
0,3589,-0.72,-0.00,-0.01,-0.69,0.02,0.01,0.01,1.00,0.72,0.01,-0.01,-0.70,100.48
0,3605,-0.72,-0.00,-0.01,-0.69,0.02,0.01,0.01,1.00,0.72,0.01,-0.01,-0.70,100.50
0,3621,-0.72,-0.00,-0.01,-0.69,0.02,0.01,0.01,1.00,0.72,0.01,-0.01,-0.70,100.48
0,3669,-0.72,-0.00,-0.01,-0.69,0.02,0.01,0.01,1.00,0.72,0.01,-0.01,-0.70,100.48
0,3685,-0.72,-0.00,-0.01,-0.69,0.02,0.01,0.01,1.00,0.72,0.01,-0.01,-0.70,100.48
0,3701,-0.72,-0.00,-0.01,-0.69,0.02,0.01,0.01,1.00,0.72,0.01,-0.01,-0.70,100.50
0,3717,-0.72,-0.00,-0.01,-0.69,0.02,0.01,0.01,1.00,0.72,0.01,-0.01,-0.70,100.48
0,3733,-0.72,-0.00,-0.01,-0.69,0.02,0.01,0.01,1.00,0.72,0.01,-0.01,-0.70,100.48
0,3749,-0.72,-0.00,-0.01,-0.69,0.02,0.01,0.01,1.00,0.72,0.01,-0.01,-0.70,100.48
0,3765,-0.72,-0.00,-0.01,-0.69,0.02,0.01,0.01,1.00,0.72,0.01,-0.01,-0.70,100.48
0,3813,-0.72,-0.00,-0.01,-0.69,0.02,0.01,0.01,1.00,0.72,0.01,-0.01,-0.70,100.48
0,3829,-0.72,-0.00,-0.01,-0.69,0.02,0.01,0.01,1.00,0.72,0.01,-0.01,-0.70,100.48
0,3845,-0.72,-0.00,-0.01,-0.69,0.02,0.01,0.01,1.00,0.71,0.01,-0.01,-0.70,100.49
0,3861,-0.72,-0.00,-0.01,-0.69,0.02,0.01,0.01,1.00,0.71,0.01,-0.01,-0.70,100.48
0,3877,-0.72,-0.00,-0.01,-0.69,0.02,0.01,0.01,1.00,0.71,0.01,-0.01,-0.70,100.48
0,3893,-0.72,-0.00,-0.01,-0.69,0.02,0.01,0.01,1.00,0.71,0.01,-0.01,-0.70,100.48
0,3909,-0.72,-0.00,-0.01,-0.69,0.02,0.01,0.01,1.00,0.71,0.01,-0.01,-0.70,100.48
0,3957,-0.72,-0.00,-0.01,-0.69,0.02,0.01,0.01,1.00,0.71,0.01,-0.01,-0.70,100.48
0,3973,-0.72,-0.00,-0.01,-0.69,0.02,0.01,0.01,1.00,0.71,0.01,-0.01,-0.70,100.50
0,3989,-0.72,-0.00,-0.01,-0.69,0.02,0.01,0.01,1.00,0.71,0.01,-0.01,-0.70,100.48
0,4005,-0.72,-0.00,-0.01,-0.69,0.02,0.01,0.01,1.00,0.71,0.01,-0.01,-0.70,100.48
0,4021,-0.72,-0.00,-0.01,-0.69,0.02,0.01,0.01,1.00,0.71,0.01,-0.01,-0.70,100.49
0,4037,-0.72,-0.00,-0.01,-0.69,0.02,0.01,0.01,1.00,0.71,0.01,-0.01,-0.70,100.48
0,4053,-0.72,-0.00,-0.01,-0.69,0.02,0.01,0.01,1.00,0.71,0.01,-0.01,-0.70,100.48
0,4101,-0.72,-0.00,-0.01,-0.69,0.02,0.01,0.01,1.00,0.71,0.01,-0.01,-0.70,100.48
0,4117,-0.72,-0.00,-0.01,-0.69,0.02,0.01,0.01,1.00,0.71,0.01,-0.01,-0.70,100.48
0,4133,-0.72,-0.00,-0.01,-0.69,0.02,0.01,0.01,1.00,0.71,0.01,-0.01,-0.70,100.50
0,4149,-0.72,-0.00,-0.01,-0.69,0.02,0.01,0.01,1.00,0.71,0.01,-0.01,-0.70,100.48
0,4165,-0.72,-0.00,-0.01,-0.69,0.02,0.01,0.01,1.00,0.71,0.01,-0.01,-0.70,100.48
0,4181,-0.72,-0.00,-0.01,-0.69,0.02,0.01,0.01,1.00,0.71,0.02,-0.01,-0.70,100.48
0,4197,-0.72,-0.00,-0.01,-0.69,0.02,0.01,0.01,1.00,0.71,0.02,-0.01,-0.70,100.48
0,4245,-0.72,-0.00,-0.01,-0.69,0.02,0.01,0.01,1.00,0.71,0.02,-0.01,-0.71,100.46
0,4261,-0.72,-0.00,-0.01,-0.69,0.02,0.01,0.01,1.00,0.70,0.02,-0.01,-0.71,100.46
0,4277,-0.72,-0.00,-0.01,-0.69,0.02,0.01,0.01,1.00,0.70,0.02,-0.01,-0.72,100.50
0,4293,-0.72,-0.00,-0.01,-0.69,0.02,0.01,0.01,1.00,0.69,0.02,-0.01,-0.73,100.46
0,4309,-0.72,-0.00,-0.01,-0.69,0.02,0.01,0.01,1.00,0.67,0.02,-0.01,-0.74,100.50
0,4325,-0.72,-0.00,-0.01,-0.69,0.02,0.01,0.01,1.00,0.65,0.02,-0.01,-0.76,100.50
0,4341,-0.72,-0.00,-0.01,-0.69,0.02,0.01,0.01,1.00,0.62,0.01,-0.01,-0.78,100.50
0,4389,-0.72,-0.00,-0.01,-0.69,0.02,0.01,0.01,1.00,0.54,0.01,-0.01,-0.84,100.48
0,4405,-0.72,-0.00,-0.01,-0.69,0.02,0.01,0.01,1.00,0.49,0.01,-0.01,-0.87,100.48
0,4421,-0.72,-0.00,-0.01,-0.69,0.02,0.01,0.01,1.00,0.46,0.02,-0.01,-0.89,100.48
0,4437,-0.72,-0.00,-0.01,-0.69,0.02,0.01,0.01,1.00,0.42,0.02,-0.01,-0.91,100.48
0,4453,-0.72,-0.00,-0.01,-0.69,0.02,0.01,0.01,1.00,0.39,0.02,-0.01,-0.92,100.46
0,4469,-0.72,-0.00,-0.01,-0.69,0.02,0.01,0.01,1.00,0.35,0.02,-0.01,-0.94,100.48
0,4485,-0.72,-0.00,-0.01,-0.69,0.02,0.01,0.01,1.00,0.31,0.02,-0.01,-0.95,100.48
0,4533,-0.72,-0.00,-0.01,-0.69,0.02,0.01,0.01,1.00,0.27,0.02,-0.01,-0.96,100.48
0,4549,-0.72,-0.00,-0.01,-0.69,0.02,0.01,0.01,1.00,0.25,0.02,-0.01,-0.97,100.48
0,4565,-0.72,-0.00,-0.01,-0.69,0.02,0.01,0.01,1.00,0.24,0.02,-0.01,-0.97,100.48
0,4581,-0.72,-0.00,-0.01,-0.69,0.02,0.01,0.01,1.00,0.23,0.02,-0.01,-0.97,100.46
0,4597,-0.72,-0.00,-0.01,-0.69,0.02,0.01,0.01,1.00,0.21,0.02,-0.01,-0.98,100.46
0,4613,-0.72,-0.00,-0.01,-0.69,0.02,0.01,0.01,1.00,0.19,0.02,-0.01,-0.98,100.46
0,4629,-0.72,-0.00,-0.01,-0.69,0.02,0.01,0.01,1.00,0.17,0.02,-0.01,-0.98,100.50
0,4677,-0.72,-0.00,-0.01,-0.69,0.02,0.01,0.01,1.00,0.14,0.01,-0.01,-0.99,100.46
0,4693,-0.72,-0.00,-0.01,-0.69,0.02,0.01,0.01,1.00,0.12,0.01,-0.01,-0.99,100.46
0,4709,-0.72,-0.00,-0.01,-0.69,0.02,0.01,0.01,1.00,0.11,0.02,-0.01,-0.99,100.48
0,4725,-0.72,-0.00,-0.01,-0.69,0.02,0.01,0.01,1.00,0.10,0.02,-0.01,-1.00,100.48
0,4741,-0.72,-0.00,-0.01,-0.69,0.02,0.01,0.01,1.00,0.09,0.01,-0.01,-1.00,100.48
0,4757,-0.72,-0.00,-0.01,-0.69,0.02,0.01,0.01,1.00,0.08,0.01,-0.01,-1.00,100.46
0,4773,-0.72,-0.00,-0.01,-0.69,0.02,0.01,0.01,1.00,0.07,0.01,-0.01,-1.00,100.48
0,4821,-0.72,-0.00,-0.01,-0.69,0.02,0.01,0.01,1.00,0.05,0.01,-0.01,-1.00,100.49
0,4837,-0.72,-0.00,-0.01,-0.69,0.02,0.01,0.01,1.00,0.04,0.01,-0.01,-1.00,100.49
0,4853,-0.72,-0.00,-0.01,-0.69,0.02,0.01,0.01,1.00,0.03,0.01,-0.01,-1.00,100.48
0,4869,-0.72,-0.00,-0.01,-0.69,0.02,0.01,0.01,1.00,0.01,0.01,-0.01,-1.00,100.48
0,4885,-0.72,-0.00,-0.01,-0.69,0.02,0.01,0.01,1.00,0.01,0.01,-0.01,-1.00,100.46
0,4901,-0.72,-0.00,-0.01,-0.69,0.02,0.01,0.01,1.00,0.01,0.01,-0.01,-1.00,100.48
0,4917,-0.72,-0.00,-0.01,-0.69,0.02,0.01,0.01,1.00,0.01,0.01,-0.01,-1.00,100.48
0,4965,-0.72,-0.00,-0.01,-0.69,0.02,0.01,0.01,1.00,0.01,0.01,-0.01,-1.00,100.48
0,4981,-0.72,-0.00,-0.01,-0.69,0.02,0.01,0.01,1.00,0.01,0.01,-0.02,-1.00,100.48
0,4997,-0.72,-0.00,-0.01,-0.69,0.02,0.01,0.01,1.00,0.01,0.01,-0.02,-1.00,100.47
0,5013,-0.72,-0.00,-0.01,-0.69,0.02,0.01,0.01,1.00,0.01,0.01,-0.02,-1.00,100.48
0,5029,-0.72,-0.00,-0.01,-0.69,0.02,0.01,0.01,1.00,0.01,0.01,-0.01,-1.00,100.48
0,5045,-0.72,-0.00,-0.01,-0.69,0.02,0.01,0.01,1.00,0.01,0.01,-0.01,-1.00,100.50
0,5061,-0.72,-0.00,-0.01,-0.69,0.02,0.01,0.01,1.00,0.01,0.01,-0.01,-1.00,100.51
0,5109,-0.72,-0.00,-0.01,-0.69,0.02,0.01,0.01,1.00,0.01,0.01,-0.01,-1.00,100.48
0,5125,-0.72,-0.00,-0.01,-0.69,0.02,0.01,0.01,1.00,0.01,0.01,-0.01,-1.00,100.48
0,5141,-0.72,-0.00,-0.01,-0.69,0.02,0.01,0.01,1.00,0.01,0.01,-0.01,-1.00,100.48
0,5157,-0.72,-0.00,-0.01,-0.69,0.02,0.01,0.01,1.00,0.01,0.01,-0.01,-1.00,100.48
0,5173,-0.72,-0.00,-0.01,-0.69,0.02,0.01,0.01,1.00,0.01,0.01,-0.01,-1.00,100.48
0,5189,-0.72,-0.00,-0.01,-0.69,0.02,0.01,0.01,1.00,0.01,0.01,-0.01,-1.00,100.48
0,5205,-0.72,-0.00,-0.01,-0.69,0.02,0.01,0.01,1.00,0.01,0.01,-0.01,-1.00,100.50
0,5253,-0.72,-0.00,-0.01,-0.69,0.02,0.01,0.01,1.00,0.01,0.01,-0.01,-1.00,100.48
0,5269,-0.72,-0.00,-0.01,-0.69,0.02,0.01,0.01,1.00,0.01,0.01,-0.01,-1.00,100.50
0,5285,-0.72,-0.00,-0.01,-0.69,0.02,0.01,0.01,1.00,0.01,0.01,-0.01,-1.00,100.48
0,5301,-0.72,-0.00,-0.01,-0.69,0.02,0.01,0.01,1.00,0.01,0.01,-0.01,-1.00,100.49
0,5317,-0.72,-0.00,-0.01,-0.69,0.02,0.01,0.01,1.00,0.02,0.01,-0.01,-1.00,100.48
0,5333,-0.72,-0.00,-0.01,-0.69,0.02,0.01,0.01,1.00,0.02,0.01,-0.01,-1.00,100.48
0,5349,-0.72,-0.00,-0.01,-0.69,0.02,0.01,0.01,1.00,0.02,0.01,-0.01,-1.00,100.49
0,5397,-0.72,-0.00,-0.01,-0.69,0.02,0.01,0.01,1.00,0.02,0.01,-0.01,-1.00,100.48
0,5413,-0.72,-0.00,-0.01,-0.69,0.02,0.01,0.01,1.00,0.02,0.01,-0.01,-1.00,100.48
0,5429,-0.72,-0.00,-0.01,-0.69,0.02,0.01,0.01,1.00,0.02,0.01,-0.01,-1.00,100.43
0,5445,-0.72,-0.00,-0.01,-0.69,0.02,0.01,0.01,1.00,0.02,0.01,-0.01,-1.00,100.51
0,5461,-0.72,-0.00,-0.01,-0.69,0.02,0.01,0.01,1.00,0.02,0.01,-0.01,-1.00,100.49
0,5477,-0.72,-0.00,-0.01,-0.69,0.02,0.01,0.01,1.00,0.02,0.01,-0.01,-1.00,100.48
0,5493,-0.72,-0.00,-0.01,-0.69,0.02,0.01,0.01,1.00,0.01,0.01,-0.01,-1.00,100.49
0,5541,-0.72,-0.00,-0.01,-0.69,0.02,0.01,0.01,1.00,0.01,0.01,-0.01,-1.00,100.46
0,5557,-0.72,-0.00,-0.01,-0.69,0.02,0.01,0.01,1.00,0.01,0.01,-0.01,-1.00,100.48
0,5573,-0.72,-0.00,-0.01,-0.69,0.02,0.01,0.01,1.00,0.01,0.01,-0.01,-1.00,100.48
0,5589,-0.72,-0.00,-0.01,-0.69,0.02,0.01,0.01,1.00,0.01,0.01,-0.01,-1.00,100.51
0,5605,-0.72,-0.00,-0.01,-0.69,0.02,0.01,0.01,1.00,0.01,0.01,-0.01,-1.00,100.46
0,5621,-0.72,-0.00,-0.01,-0.69,0.02,0.01,0.01,1.00,0.01,0.01,-0.01,-1.00,100.48
0,5637,-0.72,-0.00,-0.01,-0.69,0.02,0.01,0.01,1.00,0.01,0.01,-0.01,-1.00,100.49
0,5685,-0.72,-0.00,-0.01,-0.69,0.02,0.01,0.01,1.00,0.01,0.01,-0.01,-1.00,100.48
0,5701,-0.72,-0.00,-0.01,-0.69,0.02,0.01,0.01,1.00,0.01,0.01,-0.01,-1.00,100.49
0,5717,-0.72,-0.00,-0.01,-0.69,0.02,0.01,0.01,1.00,0.01,0.01,-0.01,-1.00,100.46
0,5733,-0.72,-0.00,-0.01,-0.69,0.02,0.01,0.01,1.00,0.01,0.01,-0.01,-1.00,100.47
0,5749,-0.72,-0.00,-0.01,-0.69,0.02,0.01,0.01,1.00,0.01,0.01,-0.01,-1.00,100.48
0,5765,-0.72,-0.00,-0.01,-0.69,0.02,0.01,0.01,1.00,0.01,0.01,-0.01,-1.00,100.46
0,5781,-0.72,-0.00,-0.01,-0.69,0.02,0.01,0.01,1.00,0.01,0.01,-0.01,-1.00,100.47
0,5829,-0.72,-0.00,-0.01,-0.69,0.02,0.01,0.01,1.00,0.01,0.01,-0.01,-1.00,100.48
0,5845,-0.72,-0.00,-0.01,-0.69,0.02,0.01,0.01,1.00,0.01,0.01,-0.01,-1.00,100.50
0,5861,-0.72,-0.00,-0.01,-0.69,0.02,0.01,0.01,1.00,0.01,0.01,-0.01,-1.00,100.48
0,5877,-0.72,-0.00,-0.01,-0.69,0.02,0.01,0.01,1.00,0.01,0.01,-0.01,-1.00,100.48
0,5893,-0.72,-0.00,-0.01,-0.69,0.02,0.01,0.01,1.00,0.01,0.01,-0.01,-1.00,100.48
0,5909,-0.72,-0.00,-0.01,-0.69,0.02,0.01,0.01,1.00,0.01,0.01,-0.01,-1.00,100.51
0,5925,-0.72,-0.00,-0.01,-0.69,0.02,0.01,0.01,1.00,0.01,0.01,-0.01,-1.00,100.51
0,5973,-0.72,-0.00,-0.01,-0.69,0.02,0.01,0.01,1.00,0.01,0.01,-0.01,-1.00,100.48
0,5989,-0.72,-0.00,-0.01,-0.69,0.02,0.01,0.01,1.00,0.01,0.01,-0.01,-1.00,100.49
0,6005,-0.72,-0.00,-0.01,-0.69,0.02,0.01,0.01,1.00,0.01,0.01,-0.01,-1.00,100.47
0,6021,-0.72,-0.00,-0.01,-0.69,0.02,0.01,0.01,1.00,0.01,0.01,-0.01,-1.00,100.49
0,6037,-0.72,-0.00,-0.01,-0.69,0.02,0.01,0.01,1.00,0.01,0.01,-0.01,-1.00,100.49
0,6053,-0.72,-0.00,-0.01,-0.69,0.02,0.01,0.01,1.00,0.01,0.01,-0.01,-1.00,100.49
0,6069,-0.72,-0.00,-0.01,-0.69,0.02,0.01,0.01,1.00,0.01,0.01,-0.01,-1.00,100.49
0,6117,-0.72,-0.00,-0.01,-0.69,0.02,0.01,0.01,1.00,0.01,0.01,-0.01,-1.00,100.48
0,6133,-0.72,-0.00,-0.01,-0.69,0.02,0.01,0.01,1.00,0.01,0.01,-0.01,-1.00,100.49
0,6149,-0.72,-0.00,-0.01,-0.69,0.02,0.01,0.01,1.00,0.01,0.01,-0.01,-1.00,100.49
0,6165,-0.72,-0.00,-0.01,-0.69,0.02,0.01,0.01,1.00,0.01,0.01,-0.01,-1.00,100.48
0,6181,-0.72,-0.00,-0.01,-0.69,0.02,0.01,0.01,1.00,0.01,0.01,-0.01,-1.00,100.46
0,6197,-0.72,-0.00,-0.01,-0.69,0.02,0.01,0.01,1.00,0.01,0.01,-0.01,-1.00,100.49
0,6213,-0.72,-0.00,-0.01,-0.69,0.02,0.01,0.01,1.00,0.01,0.01,-0.01,-1.00,100.49
0,6261,-0.72,-0.00,-0.01,-0.69,0.02,0.01,0.01,1.00,0.01,0.01,-0.01,-1.00,100.49
0,6277,-0.72,-0.00,-0.01,-0.69,0.02,0.01,0.01,1.00,0.01,0.01,-0.01,-1.00,100.47
0,6293,-0.72,-0.00,-0.01,-0.69,0.02,0.01,0.01,1.00,0.01,0.01,-0.01,-1.00,100.48
0,6309,-0.72,-0.00,-0.01,-0.69,0.02,0.01,0.01,1.00,0.01,0.01,-0.01,-1.00,100.49
0,6325,-0.72,-0.00,-0.01,-0.69,0.02,0.01,0.01,1.00,0.01,0.01,-0.01,-1.00,100.48
0,6341,-0.72,-0.00,-0.01,-0.69,0.02,0.01,0.01,1.00,0.01,0.01,-0.01,-1.00,100.46
0,6357,-0.72,-0.00,-0.01,-0.69,0.02,0.01,0.01,1.00,0.01,0.01,-0.01,-1.00,100.49
0,6405,-0.72,-0.00,-0.01,-0.69,0.02,0.01,0.01,1.00,0.01,0.01,-0.01,-1.00,100.49
0,6421,-0.72,-0.00,-0.01,-0.69,0.02,0.01,0.01,1.00,0.01,0.01,-0.01,-1.00,100.48
0,6437,-0.72,-0.00,-0.01,-0.69,0.02,0.01,0.01,1.00,0.01,0.01,-0.01,-1.00,100.47
0,6453,-0.72,-0.00,-0.01,-0.69,0.02,0.01,0.01,1.00,0.01,0.01,-0.01,-1.00,100.48
0,6469,-0.72,-0.00,-0.01,-0.69,0.02,0.01,0.01,1.00,0.01,0.01,-0.01,-1.00,100.47
0,6485,-0.72,-0.00,-0.01,-0.69,0.02,0.01,0.01,1.00,0.01,0.01,-0.01,-1.00,100.49
0,6501,-0.72,-0.00,-0.01,-0.69,0.02,0.01,0.01,1.00,0.01,0.01,-0.01,-1.00,100.49
0,6549,-0.72,-0.00,-0.01,-0.69,0.02,0.01,0.01,1.00,0.01,0.01,-0.01,-1.00,100.47
0,6565,-0.72,-0.00,-0.01,-0.69,0.02,0.01,0.01,1.00,0.01,0.01,-0.01,-1.00,100.48
0,6581,-0.72,-0.00,-0.01,-0.69,0.02,0.01,0.01,1.00,0.01,0.01,-0.01,-1.00,100.49
0,6597,-0.72,-0.00,-0.01,-0.69,0.02,0.01,0.01,1.00,0.01,0.01,-0.01,-1.00,100.49
0,6613,-0.72,-0.00,-0.01,-0.69,0.02,0.01,0.01,1.00,0.01,0.01,-0.01,-1.00,100.49
0,6629,-0.72,-0.00,-0.01,-0.69,0.02,0.01,0.01,1.00,0.01,0.01,-0.01,-1.00,100.49
0,6645,-0.72,-0.00,-0.01,-0.69,0.02,0.01,0.01,1.00,0.01,0.01,-0.01,-1.00,100.47
0,6693,-0.72,-0.00,-0.01,-0.69,0.02,0.01,0.01,1.00,0.01,0.01,-0.01,-1.00,100.52
0,6709,-0.72,-0.00,-0.01,-0.69,0.02,0.01,0.01,1.00,0.01,0.01,-0.01,-1.00,100.51
0,6725,-0.72,-0.00,-0.01,-0.69,0.02,0.01,0.01,1.00,0.01,0.01,-0.01,-1.00,100.49
0,6741,-0.72,-0.00,-0.01,-0.69,0.02,0.01,0.01,1.00,0.01,0.01,-0.01,-1.00,100.49
0,6757,-0.72,-0.00,-0.01,-0.69,0.02,0.01,0.01,1.00,0.01,0.01,-0.01,-1.00,100.48
0,6773,-0.72,-0.00,-0.01,-0.69,0.02,0.01,0.01,1.00,0.01,0.01,-0.01,-1.00,100.49
0,6789,-0.72,-0.00,-0.01,-0.69,0.02,0.01,0.01,1.00,0.01,0.01,-0.01,-1.00,100.49
0,6837,-0.72,-0.00,-0.01,-0.69,0.02,0.01,0.01,1.00,0.01,0.01,-0.01,-1.00,100.47
0,6853,-0.72,-0.00,-0.01,-0.69,0.02,0.01,0.01,1.00,0.01,0.01,-0.01,-1.00,100.49
0,6869,-0.72,-0.00,-0.01,-0.69,0.02,0.01,0.01,1.00,0.01,0.01,-0.01,-1.00,100.49
0,6885,-0.72,-0.00,-0.01,-0.69,0.02,0.01,0.01,1.00,0.01,0.01,-0.01,-1.00,100.51
0,6901,-0.72,-0.00,-0.01,-0.69,0.02,0.01,0.01,1.00,0.02,0.01,-0.01,-1.00,100.47
0,6917,-0.72,-0.00,-0.01,-0.69,0.02,0.01,0.01,1.00,0.02,0.01,-0.01,-1.00,100.49
0,6933,-0.73,-0.00,-0.01,-0.69,0.02,0.01,0.01,1.00,0.02,0.01,-0.01,-1.00,100.49
0,6981,-0.73,-0.00,-0.01,-0.69,0.02,0.02,0.01,1.00,0.02,0.01,-0.01,-1.00,100.49
0,6997,-0.73,-0.00,-0.01,-0.69,0.02,0.02,0.01,1.00,0.02,0.01,-0.01,-1.00,100.49
0,7013,-0.73,-0.00,-0.01,-0.69,0.02,0.02,0.01,1.00,0.02,0.01,-0.01,-1.00,100.49
0,7029,-0.73,-0.00,-0.01,-0.69,0.02,0.02,0.01,1.00,0.02,0.01,-0.01,-1.00,100.49
0,7045,-0.73,-0.00,-0.01,-0.69,0.02,0.02,0.01,1.00,0.02,0.01,-0.01,-1.00,100.49
0,7061,-0.73,-0.00,-0.01,-0.69,0.02,0.02,0.01,1.00,0.02,0.01,-0.01,-1.00,100.49
0,7077,-0.73,-0.00,-0.01,-0.69,0.02,0.02,0.01,1.00,0.02,0.01,-0.01,-1.00,100.49
0,7125,-0.73,-0.00,-0.01,-0.69,0.02,0.02,0.01,1.00,0.02,0.01,-0.01,-1.00,100.51
0,7141,-0.73,-0.00,-0.01,-0.69,0.02,0.02,0.01,1.00,0.02,0.01,-0.01,-1.00,100.47
0,7157,-0.73,-0.00,-0.01,-0.69,0.02,0.02,0.01,1.00,0.02,0.01,-0.01,-1.00,100.49
0,7173,-0.73,-0.00,-0.01,-0.69,0.02,0.02,0.01,1.00,0.02,0.01,-0.01,-1.00,100.47
0,7189,-0.73,-0.00,-0.01,-0.69,0.02,0.02,0.01,1.00,0.02,0.01,-0.01,-1.00,100.47
0,7205,-0.73,-0.00,-0.01,-0.69,0.02,0.02,0.01,1.00,0.02,0.01,-0.01,-1.00,100.47
0,7221,-0.73,-0.00,-0.01,-0.69,0.02,0.02,0.01,1.00,0.02,0.01,-0.01,-1.00,100.49
0,7269,-0.73,-0.00,-0.01,-0.69,0.02,0.02,0.01,1.00,0.02,0.01,-0.01,-1.00,100.49
0,7285,-0.73,-0.00,-0.01,-0.69,0.02,0.02,0.01,1.00,0.02,0.01,-0.01,-1.00,100.49
0,7301,-0.73,-0.00,-0.01,-0.69,0.02,0.02,0.01,1.00,0.02,0.01,-0.01,-1.00,100.48
0,7317,-0.73,-0.00,-0.01,-0.69,0.02,0.02,0.01,1.00,0.02,0.01,-0.01,-1.00,100.48
0,7333,-0.73,-0.00,-0.01,-0.69,0.02,0.02,0.01,1.00,0.02,0.01,-0.01,-1.00,100.49
0,7349,-0.72,-0.00,-0.01,-0.69,0.02,0.02,0.01,1.00,0.02,0.01,-0.01,-1.00,100.46
0,7365,-0.72,-0.00,-0.01,-0.69,0.02,0.02,0.01,1.00,0.02,0.01,-0.01,-1.00,100.47
0,7413,-0.72,-0.00,-0.01,-0.69,0.02,0.02,0.01,1.00,0.02,0.01,-0.01,-1.00,100.49
0,7429,-0.72,-0.00,-0.01,-0.69,0.02,0.02,0.01,1.00,0.02,0.01,-0.01,-1.00,100.48
0,7445,-0.72,-0.00,-0.01,-0.69,0.02,0.02,0.01,1.00,0.02,0.01,-0.01,-1.00,100.45
0,7461,-0.72,-0.00,-0.01,-0.69,0.02,0.02,0.01,1.00,0.02,0.01,-0.01,-1.00,100.51
0,7477,-0.72,-0.00,-0.01,-0.69,0.02,0.02,0.01,1.00,0.02,0.01,-0.01,-1.00,100.51
0,7493,-0.72,-0.00,-0.01,-0.69,0.02,0.02,0.01,1.00,0.02,0.01,-0.01,-1.00,100.47
0,7509,-0.72,-0.00,-0.01,-0.69,0.02,0.02,0.01,1.00,0.02,0.01,-0.01,-1.00,100.49
0,7557,-0.72,-0.00,-0.01,-0.69,0.03,0.02,0.01,1.00,0.02,0.01,-0.01,-1.00,100.47
0,7573,-0.72,-0.00,-0.01,-0.69,0.03,0.02,0.01,1.00,0.02,0.01,-0.01,-1.00,100.49
0,7589,-0.72,-0.00,-0.01,-0.69,0.03,0.02,0.01,1.00,0.02,0.01,-0.01,-1.00,100.49
0,7605,-0.72,-0.00,-0.01,-0.69,0.03,0.02,0.01,1.00,0.02,0.01,-0.01,-1.00,100.47
0,7621,-0.72,-0.00,-0.01,-0.69,0.03,0.02,0.01,1.00,0.02,0.01,-0.01,-1.00,100.48
0,7637,-0.72,-0.00,-0.01,-0.69,0.03,0.02,0.01,1.00,0.02,0.01,-0.01,-1.00,100.49
0,7653,-0.72,-0.00,-0.01,-0.69,0.03,0.02,0.01,1.00,0.02,0.01,-0.01,-1.00,100.49
0,7701,-0.72,-0.00,-0.01,-0.69,0.03,0.02,0.01,1.00,0.02,0.01,-0.01,-1.00,100.47
0,7717,-0.72,-0.00,-0.01,-0.69,0.03,0.02,0.01,1.00,0.02,0.01,-0.01,-1.00,100.48
0,7733,-0.72,-0.00,-0.01,-0.69,0.03,0.02,0.01,1.00,0.02,0.01,-0.01,-1.00,100.47
0,7749,-0.72,-0.00,-0.01,-0.69,0.03,0.02,0.01,1.00,0.02,0.01,-0.01,-1.00,100.49
0,7765,-0.72,-0.00,-0.01,-0.69,0.03,0.02,0.01,1.00,0.02,0.01,-0.01,-1.00,100.47
0,7781,-0.72,-0.00,-0.01,-0.69,0.03,0.02,0.01,1.00,0.02,0.01,-0.01,-1.00,100.47
0,7797,-0.72,-0.00,-0.01,-0.69,0.03,0.02,0.01,1.00,0.02,0.01,-0.01,-1.00,100.49
0,7845,-0.72,-0.00,-0.01,-0.69,0.03,0.02,0.01,1.00,0.02,0.01,-0.01,-1.00,100.47
0,7861,-0.72,-0.00,-0.01,-0.69,0.03,0.02,0.01,1.00,0.02,0.01,-0.01,-1.00,100.49
0,7877,-0.73,-0.00,-0.01,-0.69,0.03,0.02,0.01,1.00,0.02,0.01,-0.01,-1.00,100.45
0,7893,-0.72,-0.00,-0.01,-0.69,0.03,0.02,0.01,1.00,0.02,0.01,-0.01,-1.00,100.49
0,7909,-0.73,-0.00,-0.01,-0.69,0.03,0.02,0.01,1.00,0.02,0.01,-0.01,-1.00,100.49
0,7925,-0.73,-0.00,-0.01,-0.69,0.03,0.02,0.01,1.00,0.02,0.01,-0.01,-1.00,100.49
0,7941,-0.73,-0.00,-0.01,-0.69,0.03,0.02,0.01,1.00,0.02,0.01,-0.01,-1.00,100.49
0,7989,-0.73,-0.00,-0.01,-0.69,0.03,0.02,0.01,1.00,0.02,0.01,-0.01,-1.00,100.49
0,8005,-0.72,-0.00,-0.01,-0.69,0.03,0.02,0.01,1.00,0.02,0.01,-0.01,-1.00,100.51
0,8021,-0.72,-0.00,-0.01,-0.69,0.03,0.02,0.01,1.00,0.02,0.01,-0.01,-1.00,100.47
0,8037,-0.72,-0.00,-0.01,-0.69,0.03,0.02,0.01,1.00,0.02,0.01,-0.01,-1.00,100.47
0,8053,-0.72,-0.00,-0.01,-0.69,0.03,0.02,0.01,1.00,0.02,0.01,-0.01,-1.00,100.47
0,8069,-0.72,-0.00,-0.01,-0.69,0.03,0.02,0.01,1.00,0.02,0.01,-0.01,-1.00,100.47
0,8085,-0.72,-0.00,-0.01,-0.69,0.03,0.02,0.01,1.00,0.02,0.01,-0.01,-1.00,100.49
0,8133,-0.72,-0.00,-0.01,-0.69,0.03,0.02,0.01,1.00,0.02,0.01,-0.01,-1.00,100.49
0,8149,-0.73,-0.00,-0.01,-0.69,0.03,0.02,0.01,1.00,0.02,0.01,-0.01,-1.00,100.47
0,8165,-0.73,-0.00,-0.01,-0.69,0.03,0.02,0.01,1.00,0.02,0.01,-0.01,-1.00,100.49
0,8181,-0.73,-0.00,-0.01,-0.69,0.03,0.02,0.01,1.00,0.02,0.01,-0.01,-1.00,100.49
0,8197,-0.73,-0.00,-0.01,-0.69,0.03,0.02,0.01,1.00,0.02,0.01,-0.01,-1.00,100.49
0,8213,-0.73,-0.00,-0.01,-0.69,0.03,0.02,0.01,1.00,0.02,0.01,-0.01,-1.00,100.50
0,8229,-0.73,-0.00,-0.01,-0.69,0.03,0.02,0.01,1.00,0.02,0.01,-0.01,-1.00,100.48
0,8277,-0.72,-0.00,-0.01,-0.69,0.03,0.02,0.01,1.00,0.02,0.01,-0.01,-1.00,100.49
0,8293,-0.72,-0.00,-0.01,-0.69,0.03,0.02,0.01,1.00,0.02,0.01,-0.01,-1.00,100.49
0,8309,-0.72,-0.00,-0.01,-0.69,0.03,0.02,0.01,1.00,0.02,0.01,-0.01,-1.00,100.49
0,8325,-0.72,-0.00,-0.01,-0.69,0.03,0.02,0.01,1.00,0.02,0.01,-0.01,-1.00,100.49
0,8341,-0.72,-0.00,-0.01,-0.69,0.03,0.02,0.01,1.00,0.02,0.01,-0.01,-1.00,100.49
0,8357,-0.72,-0.00,-0.01,-0.69,0.03,0.02,0.01,1.00,0.02,0.01,-0.01,-1.00,100.49
0,8373,-0.72,-0.00,-0.01,-0.69,0.03,0.02,0.01,1.00,0.02,0.01,-0.01,-1.00,100.49
0,8421,-0.72,-0.00,-0.01,-0.69,0.03,0.02,0.01,1.00,0.02,0.01,-0.01,-1.00,100.49
0,8437,-0.72,-0.00,-0.01,-0.69,0.03,0.02,0.01,1.00,0.02,0.01,-0.01,-1.00,100.49
0,8453,-0.72,-0.00,-0.01,-0.69,0.03,0.02,0.01,1.00,0.02,0.01,-0.01,-1.00,100.47
0,8469,-0.72,-0.00,-0.01,-0.69,0.03,0.02,0.01,1.00,0.02,0.01,-0.01,-1.00,100.49
0,8485,-0.72,-0.00,-0.01,-0.69,0.03,0.02,0.01,1.00,0.02,0.01,-0.01,-1.00,100.49
0,8501,-0.72,-0.00,-0.01,-0.69,0.03,0.02,0.01,1.00,0.02,0.01,-0.01,-1.00,100.51
0,8517,-0.72,-0.00,-0.01,-0.69,0.03,0.02,0.01,1.00,0.02,0.01,-0.01,-1.00,100.49
0,8565,-0.72,-0.00,-0.01,-0.69,0.03,0.02,0.01,1.00,0.02,0.01,-0.01,-1.00,100.49
0,8581,-0.72,-0.00,-0.01,-0.69,0.03,0.02,0.01,1.00,0.02,0.01,-0.01,-1.00,100.49
0,8597,-0.72,-0.00,-0.01,-0.69,0.03,0.02,0.01,1.00,0.02,0.01,-0.01,-1.00,100.49
0,8613,-0.72,-0.00,-0.01,-0.69,0.03,0.02,0.01,1.00,0.02,0.01,-0.01,-1.00,100.49
0,8629,-0.72,-0.00,-0.01,-0.69,0.03,0.02,0.01,1.00,0.02,0.01,-0.01,-1.00,100.49
0,8645,-0.72,-0.00,-0.01,-0.69,0.03,0.02,0.01,1.00,0.02,0.01,-0.01,-1.00,100.51
0,8661,-0.72,-0.00,-0.01,-0.69,0.03,0.02,0.01,1.00,0.02,0.01,-0.01,-1.00,100.47
0,8709,-0.72,-0.00,-0.01,-0.69,0.03,0.02,0.01,1.00,0.02,0.01,-0.01,-1.00,100.47
0,8725,-0.72,-0.00,-0.01,-0.69,0.03,0.02,0.01,1.00,0.02,0.01,-0.01,-1.00,100.51
0,8741,-0.72,-0.00,-0.01,-0.69,0.03,0.02,0.01,1.00,0.02,0.01,-0.01,-1.00,100.47
0,8757,-0.72,-0.00,-0.01,-0.69,0.03,0.02,0.01,1.00,0.02,0.01,-0.01,-1.00,100.49
0,8773,-0.72,-0.00,-0.01,-0.69,0.03,0.02,0.01,1.00,0.02,0.01,-0.01,-1.00,100.49
0,8789,-0.72,-0.00,-0.01,-0.69,0.03,0.02,0.01,1.00,0.02,0.01,-0.01,-1.00,100.47
0,8805,-0.73,-0.00,-0.01,-0.69,0.03,0.02,0.01,1.00,0.02,0.01,-0.01,-1.00,100.47
0,8853,-0.73,-0.00,-0.01,-0.68,0.03,0.02,0.01,1.00,0.02,0.01,-0.01,-1.00,100.47
0,8869,-0.74,-0.00,-0.01,-0.67,0.03,0.02,0.01,1.00,0.02,0.01,-0.01,-1.00,100.49
0,8885,-0.76,-0.00,-0.01,-0.65,0.03,0.02,0.01,1.00,0.02,0.01,-0.01,-1.00,100.49
0,8901,-0.77,-0.00,-0.01,-0.64,0.03,0.02,0.01,1.00,0.02,0.01,-0.01,-1.00,100.49
0,8917,-0.77,-0.00,-0.01,-0.63,0.03,0.02,0.01,1.00,0.02,0.01,-0.01,-1.00,100.49
0,8933,-0.78,-0.00,-0.01,-0.63,0.03,0.02,0.01,1.00,0.02,0.01,-0.01,-1.00,100.47
0,8949,-0.78,-0.00,-0.01,-0.62,0.03,0.02,0.01,1.00,0.02,0.01,-0.01,-1.00,100.49
0,8997,-0.79,-0.00,-0.01,-0.61,0.03,0.02,0.01,1.00,0.02,0.01,-0.01,-1.00,100.47
0,9013,-0.80,-0.00,-0.01,-0.59,0.03,0.02,0.01,1.00,0.02,0.01,-0.01,-1.00,100.49
0,9029,-0.81,-0.00,-0.01,-0.58,0.03,0.02,0.01,1.00,0.02,0.01,-0.01,-1.00,100.47
0,9045,-0.82,-0.00,-0.01,-0.57,0.03,0.02,0.01,1.00,0.02,0.01,-0.01,-1.00,100.49
0,9061,-0.83,-0.00,-0.01,-0.56,0.03,0.02,0.01,1.00,0.02,0.01,-0.01,-1.00,100.49
0,9077,-0.84,-0.00,-0.01,-0.55,0.03,0.02,0.01,1.00,0.02,0.01,-0.01,-1.00,100.47
0,9093,-0.84,0.00,-0.01,-0.54,0.03,0.02,0.01,1.00,0.02,0.01,-0.01,-1.00,100.47
0,9141,-0.86,-0.00,-0.01,-0.51,0.03,0.02,0.01,1.00,0.02,0.01,-0.01,-1.00,100.51
0,9157,-0.87,-0.00,-0.01,-0.50,0.03,0.02,0.01,1.00,0.02,0.01,-0.01,-1.00,100.49
0,9173,-0.87,-0.00,-0.01,-0.49,0.03,0.02,0.01,1.00,0.02,0.01,-0.01,-1.00,100.47
0,9189,-0.88,-0.00,-0.01,-0.48,0.03,0.02,0.01,1.00,0.02,0.01,-0.01,-1.00,100.50
0,9205,-0.88,-0.00,-0.01,-0.47,0.03,0.02,0.01,1.00,0.02,0.01,-0.01,-1.00,100.47
0,9221,-0.89,-0.00,-0.01,-0.46,0.03,0.02,0.01,1.00,0.02,0.01,-0.01,-1.00,100.49
0,9237,-0.89,-0.00,-0.01,-0.45,0.03,0.02,0.01,1.00,0.02,0.01,-0.01,-1.00,100.49
0,9285,-0.90,-0.00,-0.01,-0.43,0.03,0.02,0.01,1.00,0.02,0.01,-0.01,-1.00,100.49
0,9301,-0.91,-0.00,-0.01,-0.42,0.03,0.02,0.01,1.00,0.02,0.01,-0.01,-1.00,100.49
0,9317,-0.91,-0.00,-0.01,-0.42,0.03,0.02,0.01,1.00,0.02,0.01,-0.01,-1.00,100.49
0,9333,-0.91,-0.00,-0.01,-0.41,0.03,0.02,0.01,1.00,0.02,0.01,-0.01,-1.00,100.51
0,9349,-0.91,-0.00,-0.01,-0.41,0.03,0.02,0.01,1.00,0.02,0.01,-0.01,-1.00,100.49
0,9365,-0.92,-0.00,-0.01,-0.40,0.03,0.02,0.01,1.00,0.02,0.01,-0.01,-1.00,100.49
0,9381,-0.92,-0.00,-0.01,-0.38,0.03,0.02,0.01,1.00,0.02,0.01,-0.01,-1.00,100.50
0,9429,-0.93,-0.00,-0.01,-0.36,0.03,0.02,0.01,1.00,0.02,0.01,-0.01,-1.00,100.47
0,9445,-0.94,-0.00,-0.01,-0.35,0.03,0.02,0.01,1.00,0.02,0.01,-0.01,-1.00,100.46
0,9461,-0.94,-0.00,-0.01,-0.34,0.03,0.02,0.01,1.00,0.02,0.01,-0.01,-1.00,100.49
0,9477,-0.94,-0.00,-0.01,-0.33,0.03,0.02,0.01,1.00,0.02,0.01,-0.01,-1.00,100.47
0,9493,-0.95,-0.00,-0.01,-0.32,0.03,0.02,0.01,1.00,0.02,0.01,-0.01,-1.00,100.47
0,9509,-0.95,-0.00,-0.00,-0.31,0.03,0.02,0.01,1.00,0.02,0.01,-0.01,-1.00,100.49
0,9525,-0.95,-0.00,-0.00,-0.30,0.03,0.02,0.01,1.00,0.02,0.01,-0.01,-1.00,100.49
0,9573,-0.96,-0.00,-0.00,-0.28,0.03,0.02,0.01,1.00,0.02,0.00,-0.01,-1.00,100.49
0,9589,-0.96,-0.00,-0.00,-0.28,0.03,0.02,0.01,1.00,0.02,0.00,-0.01,-1.00,100.49
0,9605,-0.96,-0.00,-0.00,-0.27,0.03,0.02,0.01,1.00,0.02,0.00,-0.01,-1.00,100.47
0,9621,-0.97,-0.00,-0.00,-0.26,0.03,0.02,0.01,1.00,0.02,0.00,-0.01,-1.00,100.43
0,9637,-0.97,-0.00,-0.00,-0.25,0.03,0.02,0.01,1.00,0.02,0.00,-0.01,-1.00,100.49
0,9653,-0.97,-0.00,-0.00,-0.24,0.03,0.02,0.01,1.00,0.02,0.00,-0.01,-1.00,100.49
0,9669,-0.97,-0.00,-0.00,-0.23,0.03,0.02,0.01,1.00,0.02,0.01,-0.01,-1.00,100.49
0,9717,-0.98,-0.00,-0.00,-0.21,0.03,0.02,0.01,1.00,0.02,0.01,-0.01,-1.00,100.47
0,9733,-0.98,-0.00,-0.00,-0.20,0.03,0.02,0.01,1.00,0.02,0.01,-0.01,-1.00,100.49
0,9749,-0.98,-0.00,-0.00,-0.20,0.03,0.02,0.01,1.00,0.02,0.01,-0.01,-1.00,100.49
0,9765,-0.98,-0.00,-0.00,-0.19,0.03,0.02,0.01,1.00,0.02,0.01,-0.01,-1.00,100.49
0,9781,-0.98,-0.00,-0.00,-0.18,0.03,0.02,0.01,1.00,0.02,0.01,-0.01,-1.00,100.49
0,9797,-0.98,-0.00,-0.00,-0.17,0.03,0.02,0.01,1.00,0.02,0.01,-0.01,-1.00,100.49
0,9813,-0.99,-0.00,-0.00,-0.17,0.03,0.02,0.01,1.00,0.02,0.01,-0.01,-1.00,100.49
0,9861,-0.99,-0.00,-0.00,-0.16,0.03,0.02,0.01,1.00,0.02,0.01,-0.01,-1.00,100.50
0,9877,-0.99,-0.00,-0.00,-0.16,0.03,0.02,0.01,1.00,0.02,0.01,-0.01,-1.00,100.47
0,9893,-0.99,-0.00,-0.00,-0.15,0.03,0.02,0.01,1.00,0.02,0.01,-0.01,-1.00,100.47
0,9909,-0.99,-0.00,-0.00,-0.14,0.03,0.02,0.01,1.00,0.02,0.01,-0.01,-1.00,100.47
0,9925,-0.99,-0.00,-0.00,-0.13,0.03,0.02,0.01,1.00,0.02,0.01,-0.01,-1.00,100.50
0,9941,-0.99,-0.00,0.00,-0.13,0.03,0.02,0.01,1.00,0.02,0.01,-0.01,-1.00,100.49
0,9957,-0.99,-0.00,0.00,-0.14,0.03,0.02,0.01,1.00,0.02,0.01,-0.01,-1.00,100.49
0,10005,-0.99,-0.00,0.00,-0.13,0.03,0.02,0.01,1.00,0.02,0.01,-0.01,-1.00,100.49
0,10021,-0.99,-0.00,0.00,-0.13,0.03,0.02,0.01,1.00,0.02,0.01,-0.01,-1.00,100.49
0,10037,-0.99,-0.00,0.00,-0.13,0.03,0.02,0.01,1.00,0.02,0.01,-0.01,-1.00,100.49
0,10053,-0.99,-0.00,0.00,-0.12,0.03,0.02,0.01,1.00,0.02,0.01,-0.01,-1.00,100.50
0,10069,-0.99,-0.00,0.00,-0.11,0.03,0.02,0.01,1.00,0.02,0.01,-0.01,-1.00,100.49
0,10085,-0.99,-0.00,0.00,-0.11,0.03,0.02,0.01,1.00,0.02,0.01,-0.01,-1.00,100.49
0,10101,-0.99,-0.00,0.00,-0.11,0.03,0.02,0.01,1.00,0.02,0.01,-0.01,-1.00,100.47
0,10149,-0.99,-0.00,0.00,-0.10,0.03,0.02,0.01,1.00,0.02,0.01,-0.01,-1.00,100.47
0,10165,-1.00,-0.00,0.00,-0.10,0.03,0.02,0.01,1.00,0.02,0.01,-0.01,-1.00,100.50
0,10181,-1.00,-0.00,0.00,-0.09,0.03,0.02,0.01,1.00,0.02,0.01,-0.01,-1.00,100.49
0,10197,-1.00,-0.00,0.00,-0.09,0.03,0.02,0.01,1.00,0.02,0.01,-0.01,-1.00,100.45
0,10213,-1.00,-0.00,0.00,-0.09,0.03,0.02,0.01,1.00,0.02,0.01,-0.01,-1.00,100.47
0,10229,-1.00,-0.00,0.00,-0.09,0.03,0.02,0.01,1.00,0.02,0.00,-0.01,-1.00,100.47
0,10245,-1.00,-0.00,0.00,-0.09,0.03,0.02,0.01,1.00,0.02,0.00,-0.01,-1.00,100.47
0,10293,-1.00,-0.00,0.00,-0.09,0.03,0.02,0.01,1.00,0.02,0.00,-0.01,-1.00,100.47
0,10309,-1.00,-0.00,0.00,-0.08,0.03,0.02,0.01,1.00,0.02,0.00,-0.01,-1.00,100.47
0,10325,-1.00,-0.00,0.00,-0.07,0.03,0.02,0.01,1.00,0.02,0.00,-0.01,-1.00,100.47
0,10341,-1.00,-0.00,0.00,-0.07,0.03,0.02,0.01,1.00,0.02,0.00,-0.01,-1.00,100.47
0,10357,-1.00,-0.00,0.00,-0.07,0.03,0.02,0.01,1.00,0.02,0.00,-0.01,-1.00,100.47
0,10373,-1.00,-0.00,0.00,-0.07,0.03,0.02,0.01,1.00,0.02,0.00,-0.01,-1.00,100.49
0,10389,-1.00,-0.00,0.00,-0.07,0.03,0.02,0.01,1.00,0.02,0.00,-0.01,-1.00,100.47
0,10437,-1.00,-0.00,0.00,-0.05,0.03,0.02,0.01,1.00,0.02,0.00,-0.01,-1.00,100.47
0,10453,-1.00,-0.00,0.00,-0.05,0.03,0.02,0.01,1.00,0.02,0.00,-0.01,-1.00,100.47
0,10469,-1.00,-0.00,0.00,-0.06,0.03,0.02,0.01,1.00,0.02,0.00,-0.01,-1.00,100.50
0,10485,-1.00,-0.00,0.00,-0.06,0.03,0.02,0.01,1.00,0.02,0.00,-0.01,-1.00,100.47
0,10501,-1.00,-0.00,0.00,-0.06,0.03,0.02,0.01,1.00,0.02,0.00,-0.01,-1.00,100.50
0,10517,-1.00,-0.00,0.00,-0.06,0.03,0.02,0.01,1.00,0.02,0.00,-0.01,-1.00,100.50
0,10533,-1.00,-0.00,0.00,-0.05,0.03,0.02,0.01,1.00,0.02,0.00,-0.01,-1.00,100.49
0,10581,-1.00,0.00,0.00,-0.04,0.03,0.02,0.01,1.00,0.02,0.00,-0.01,-1.00,100.49
0,10597,-1.00,0.00,0.00,-0.04,0.03,0.02,0.01,1.00,0.02,0.00,-0.01,-1.00,100.47
0,10613,-1.00,0.00,0.00,-0.03,0.03,0.02,0.01,1.00,0.02,0.00,-0.01,-1.00,100.47
0,10629,-1.00,0.00,0.00,-0.03,0.03,0.02,0.01,1.00,0.02,0.00,-0.01,-1.00,100.47
0,10645,-1.00,0.00,0.00,-0.03,0.03,0.02,0.01,1.00,0.02,0.00,-0.01,-1.00,100.51
0,10661,-1.00,0.00,0.00,-0.02,0.03,0.02,0.01,1.00,0.02,0.00,-0.01,-1.00,100.48
0,10677,-1.00,0.00,0.00,-0.01,0.03,0.02,0.01,1.00,0.02,0.00,-0.01,-1.00,100.47
0,10725,-1.00,0.00,0.00,-0.02,0.03,0.02,0.01,1.00,0.02,0.01,-0.01,-1.00,100.49
0,10741,-1.00,0.00,0.00,-0.05,0.03,0.02,0.01,1.00,0.02,0.01,-0.01,-1.00,100.47
0,10757,-1.00,0.00,-0.00,-0.09,0.03,0.02,0.01,1.00,0.02,0.01,-0.01,-1.00,100.49
0,10773,-0.99,0.00,0.00,-0.12,0.03,0.02,0.01,1.00,0.02,0.01,-0.01,-1.00,100.49
0,10789,-0.99,0.00,0.00,-0.14,0.03,0.02,0.01,1.00,0.02,0.01,-0.01,-1.00,100.51
0,10805,-0.99,0.00,0.00,-0.15,0.03,0.02,0.01,1.00,0.02,0.01,-0.01,-1.00,100.47
0,10821,-0.99,0.00,0.00,-0.15,0.03,0.02,0.01,1.00,0.02,0.01,-0.01,-1.00,100.49
0,10869,-0.99,0.00,0.00,-0.15,0.03,0.02,0.01,1.00,0.02,0.01,-0.01,-1.00,100.51
0,10885,-0.99,0.00,0.00,-0.15,0.03,0.02,0.01,1.00,0.02,0.01,-0.01,-1.00,100.50
0,10901,-0.99,0.00,0.00,-0.15,0.03,0.02,0.01,1.00,0.02,0.01,-0.01,-1.00,100.50
0,10917,-0.99,0.00,0.00,-0.15,0.03,0.02,0.01,1.00,0.02,0.01,-0.01,-1.00,100.50
0,10933,-0.99,0.00,0.00,-0.15,0.03,0.02,0.01,1.00,0.02,0.01,-0.01,-1.00,100.47
0,10949,-0.99,0.00,0.00,-0.15,0.03,0.02,0.01,1.00,0.02,0.01,-0.01,-1.00,100.47
0,10965,-0.99,0.00,0.00,-0.15,0.03,0.02,0.01,1.00,0.02,0.01,-0.01,-1.00,100.50
0,11013,-0.99,0.00,0.00,-0.15,0.03,0.02,0.01,1.00,0.02,0.01,-0.01,-1.00,100.47
0,11029,-0.99,0.00,0.00,-0.15,0.03,0.02,0.01,1.00,0.02,0.01,-0.01,-1.00,100.51
0,11045,-0.99,0.00,0.00,-0.15,0.03,0.02,0.01,1.00,0.02,0.01,-0.01,-1.00,100.51
0,11061,-0.99,0.00,0.00,-0.15,0.03,0.02,0.01,1.00,0.02,0.01,-0.01,-1.00,100.50
0,11077,-0.99,0.00,0.00,-0.15,0.03,0.02,0.01,1.00,0.02,0.01,-0.01,-1.00,100.53
0,11093,-0.99,0.00,0.00,-0.15,0.03,0.02,0.01,1.00,0.02,0.01,-0.01,-1.00,100.49
0,11109,-0.99,0.00,0.00,-0.15,0.03,0.02,0.01,1.00,0.02,0.01,-0.01,-1.00,100.47
0,11157,-0.99,0.00,0.00,-0.15,0.03,0.02,0.01,1.00,0.02,0.01,-0.01,-1.00,100.47
0,11173,-0.99,-0.00,0.00,-0.15,0.03,0.02,0.01,1.00,0.02,0.01,-0.01,-1.00,100.50
0,11189,-0.99,-0.00,0.00,-0.14,0.03,0.02,0.01,1.00,0.02,0.01,-0.01,-1.00,100.50
0,11205,-0.99,-0.00,0.00,-0.14,0.03,0.02,0.01,1.00,0.02,0.01,-0.01,-1.00,100.50
0,11221,-0.99,0.00,-0.00,-0.14,0.03,0.02,0.01,1.00,0.02,0.01,-0.01,-1.00,100.50
0,11237,-0.99,-0.00,-0.00,-0.15,0.03,0.02,0.01,1.00,0.02,0.01,-0.01,-1.00,100.50
0,11253,-0.99,-0.00,-0.00,-0.15,0.03,0.02,0.01,1.00,0.02,0.01,-0.01,-1.00,100.49
0,11301,-0.99,-0.00,0.00,-0.13,0.03,0.02,0.01,1.00,0.02,0.01,-0.01,-1.00,100.47
0,11317,-0.99,-0.00,0.00,-0.12,0.03,0.02,0.01,1.00,0.02,0.01,-0.01,-1.00,100.47
0,11333,-0.99,-0.00,0.00,-0.11,0.03,0.02,0.01,1.00,0.02,0.01,-0.01,-1.00,100.48
0,11349,-0.99,-0.00,0.00,-0.10,0.03,0.02,0.01,1.00,0.02,0.01,-0.01,-1.00,100.51
0,11365,-1.00,0.00,0.00,-0.10,0.03,0.02,0.01,1.00,0.02,0.01,-0.01,-1.00,100.47
0,11381,-1.00,0.00,0.00,-0.08,0.03,0.02,0.01,1.00,0.02,0.01,-0.01,-1.00,100.50
0,11397,-1.00,-0.00,0.01,-0.07,0.03,0.02,0.01,1.00,0.02,0.01,-0.01,-1.00,100.49
0,11445,-1.00,0.00,0.01,-0.05,0.03,0.02,0.01,1.00,0.02,0.01,-0.01,-1.00,100.47
0,11461,-1.00,-0.00,0.01,-0.05,0.03,0.02,0.01,1.00,0.02,0.01,-0.01,-1.00,100.47
0,11477,-1.00,-0.00,0.01,-0.04,0.03,0.02,0.01,1.00,0.02,0.01,-0.01,-1.00,100.50
0,11493,-1.00,-0.00,0.01,-0.04,0.03,0.02,0.01,1.00,0.02,0.01,-0.01,-1.00,100.50
0,11509,-1.00,-0.00,0.01,-0.05,0.03,0.02,0.01,1.00,0.02,0.01,-0.01,-1.00,100.47
0,11525,-1.00,-0.00,0.01,-0.04,0.03,0.02,0.01,1.00,0.02,0.01,-0.01,-1.00,100.50
0,11541,-1.00,-0.00,0.01,-0.03,0.03,0.02,0.01,1.00,0.02,0.01,-0.01,-1.00,100.48
0,11589,-1.00,-0.00,0.01,-0.03,0.03,0.02,0.01,1.00,0.02,0.01,-0.01,-1.00,100.47
0,11605,-1.00,-0.00,0.01,-0.03,0.03,0.02,0.01,1.00,0.02,0.01,-0.01,-1.00,100.50
0,11621,-1.00,-0.00,0.01,-0.04,0.03,0.02,0.01,1.00,0.02,0.01,-0.01,-1.00,100.50
0,11637,-1.00,0.00,0.01,-0.03,0.03,0.02,0.01,1.00,0.02,0.01,-0.01,-1.00,100.50
0,11653,-1.00,0.00,0.01,-0.03,0.03,0.02,0.01,1.00,0.02,0.01,-0.01,-1.00,100.45
0,11669,-1.00,0.00,0.01,-0.02,0.03,0.02,0.01,1.00,0.02,0.01,-0.01,-1.00,100.47
0,11685,-1.00,0.00,0.01,-0.01,0.03,0.02,0.01,1.00,0.02,0.01,-0.01,-1.00,100.49
0,11733,-1.00,0.00,0.01,0.00,0.03,0.02,0.01,1.00,0.02,0.01,-0.01,-1.00,100.47
0,11749,-1.00,-0.00,0.01,0.01,0.03,0.02,0.01,1.00,0.02,0.01,-0.01,-1.00,100.46
0,11765,-1.00,-0.00,0.01,0.01,0.03,0.02,0.01,1.00,0.02,0.01,-0.01,-1.00,100.47
0,11781,-1.00,-0.00,0.01,0.01,0.03,0.02,0.01,1.00,0.02,0.01,-0.01,-1.00,100.47
0,11797,-1.00,-0.00,0.01,0.01,0.03,0.02,0.01,1.00,0.02,0.01,-0.01,-1.00,100.50
0,11813,-1.00,-0.00,0.01,0.01,0.03,0.02,0.01,1.00,0.02,0.01,-0.01,-1.00,100.50
0,11829,-1.00,-0.00,0.01,0.02,0.03,0.02,0.01,1.00,0.02,0.01,-0.01,-1.00,100.50
0,11877,-1.00,-0.00,0.01,0.02,0.03,0.02,0.01,1.00,0.02,0.01,-0.01,-1.00,100.47
0,11893,-1.00,-0.00,0.01,0.02,0.03,0.02,0.01,1.00,0.02,0.01,-0.01,-1.00,100.47
0,11909,-1.00,-0.00,0.01,0.02,0.03,0.02,0.01,1.00,0.02,0.01,-0.01,-1.00,100.47
0,11925,-1.00,-0.00,0.01,0.02,0.03,0.02,0.01,1.00,0.02,0.01,-0.01,-1.00,100.47
0,11941,-1.00,-0.00,0.01,0.02,0.03,0.02,0.01,1.00,0.02,0.01,-0.01,-1.00,100.47
0,11957,-1.00,-0.00,0.01,0.02,0.03,0.02,0.01,1.00,0.02,0.01,-0.01,-1.00,100.48
0,11973,-1.00,-0.00,0.01,0.02,0.03,0.02,0.01,1.00,0.02,0.01,-0.01,-1.00,100.50
0,12021,-1.00,-0.00,0.01,0.02,0.03,0.02,0.01,1.00,0.02,0.01,-0.01,-1.00,100.47
0,12037,-1.00,-0.00,0.01,0.02,0.03,0.02,0.01,1.00,0.02,0.01,-0.01,-1.00,100.47
0,12053,-1.00,-0.00,0.01,0.02,0.03,0.02,0.01,1.00,0.02,0.01,-0.01,-1.00,100.47
0,12069,-1.00,-0.00,0.01,0.02,0.03,0.02,0.01,1.00,0.02,0.01,-0.01,-1.00,100.47
0,12085,-1.00,-0.00,0.01,0.03,0.03,0.02,0.01,1.00,0.02,0.01,-0.01,-1.00,100.47
0,12101,-1.00,-0.00,0.01,0.03,0.03,0.02,0.01,1.00,0.02,0.01,-0.01,-1.00,100.46
0,12117,-1.00,-0.00,0.01,0.03,0.03,0.02,0.01,1.00,0.02,0.01,-0.01,-1.00,100.48
0,12165,-1.00,-0.00,0.01,0.03,0.03,0.02,0.01,1.00,0.02,0.01,-0.01,-1.00,100.50
0,12181,-1.00,-0.00,0.01,0.03,0.03,0.02,0.01,1.00,0.02,0.01,-0.01,-1.00,100.47
0,12197,-1.00,-0.00,0.01,0.03,0.03,0.02,0.01,1.00,0.02,0.01,-0.01,-1.00,100.47
0,12213,-1.00,-0.00,0.01,0.03,0.03,0.02,0.01,1.00,0.02,0.01,-0.01,-1.00,100.47
0,12229,-1.00,-0.00,0.01,0.03,0.03,0.02,0.01,1.00,0.02,0.01,-0.01,-1.00,100.50
0,12245,-1.00,-0.00,0.01,0.03,0.03,0.02,0.01,1.00,0.02,0.01,-0.01,-1.00,100.50
0,12261,-1.00,-0.00,0.01,0.03,0.03,0.02,0.01,1.00,0.02,0.01,-0.01,-1.00,100.50
0,12309,-1.00,-0.00,0.01,0.03,0.03,0.02,0.01,1.00,0.02,0.01,-0.01,-1.00,100.50
0,12325,-1.00,-0.00,0.01,0.03,0.03,0.02,0.01,1.00,0.02,0.01,-0.01,-1.00,100.50
0,12341,-1.00,-0.00,0.01,0.03,0.03,0.02,0.01,1.00,0.02,0.01,-0.01,-1.00,100.47
0,12357,-1.00,-0.00,0.01,0.03,0.03,0.02,0.01,1.00,0.02,0.01,-0.01,-1.00,100.50
0,12373,-1.00,-0.00,0.01,0.03,0.03,0.02,0.01,1.00,0.02,0.01,-0.01,-1.00,100.47
0,12389,-1.00,-0.00,0.01,0.03,0.03,0.02,0.01,1.00,0.02,0.01,-0.01,-1.00,100.47
0,12405,-1.00,-0.00,0.01,0.03,0.03,0.02,0.01,1.00,0.02,0.01,-0.01,-1.00,100.47
0,12453,-1.00,-0.00,0.01,0.03,0.03,0.02,0.01,1.00,0.02,0.01,-0.01,-1.00,100.47
0,12469,-1.00,-0.00,0.01,0.03,0.03,0.02,0.01,1.00,0.02,0.01,-0.01,-1.00,100.47
0,12485,-1.00,-0.00,0.01,0.03,0.03,0.02,0.01,1.00,0.02,0.01,-0.01,-1.00,100.48
0,12501,-1.00,-0.00,0.01,0.03,0.03,0.02,0.01,1.00,0.02,0.01,-0.01,-1.00,100.50
0,12517,-1.00,-0.00,0.01,0.03,0.03,0.02,0.01,1.00,0.02,0.01,-0.01,-1.00,100.50
0,12533,-1.00,-0.00,0.01,0.03,0.03,0.02,0.01,1.00,0.02,0.01,-0.01,-1.00,100.50
0,12549,-1.00,-0.00,0.01,0.03,0.03,0.02,0.01,1.00,0.02,0.01,-0.01,-1.00,100.46
0,12597,-1.00,-0.00,0.01,0.03,0.03,0.02,0.01,1.00,0.02,0.01,-0.01,-1.00,100.48
0,12613,-1.00,-0.00,0.01,0.03,0.03,0.02,0.01,1.00,0.02,0.01,-0.01,-1.00,100.47
0,12629,-1.00,-0.00,0.01,0.03,0.03,0.02,0.01,1.00,0.02,0.01,-0.01,-1.00,100.50
0,12645,-1.00,-0.00,0.01,0.03,0.03,0.02,0.01,1.00,0.02,0.01,-0.01,-1.00,100.47
0,12661,-1.00,-0.00,0.01,0.03,0.03,0.02,0.01,1.00,0.02,0.01,-0.01,-1.00,100.47
0,12677,-1.00,-0.00,0.01,0.03,0.03,0.02,0.01,1.00,0.02,0.01,-0.01,-1.00,100.47
0,12693,-1.00,-0.00,0.01,0.03,0.03,0.02,0.01,1.00,0.02,0.01,-0.01,-1.00,100.47
0,12741,-1.00,-0.00,0.01,0.02,0.03,0.02,0.01,1.00,0.02,0.01,-0.01,-1.00,100.47
0,12757,-1.00,-0.00,0.01,0.01,0.03,0.02,0.01,1.00,0.02,0.01,-0.01,-1.00,100.50
0,12773,-1.00,-0.00,0.01,0.00,0.03,0.02,0.01,1.00,0.02,0.01,-0.01,-1.00,100.47
0,12789,-1.00,-0.00,0.01,-0.00,0.03,0.02,0.01,1.00,0.02,0.01,-0.01,-1.00,100.47
0,12805,-1.00,-0.00,0.01,-0.01,0.03,0.02,0.01,1.00,0.02,0.01,-0.01,-1.00,100.50
0,12821,-1.00,-0.00,0.01,-0.01,0.03,0.02,0.01,1.00,0.02,0.01,-0.01,-1.00,100.50
0,12837,-1.00,-0.00,0.01,-0.02,0.03,0.02,0.01,1.00,0.02,0.01,-0.01,-1.00,100.47
0,12885,-1.00,-0.00,0.01,-0.04,0.03,0.02,0.01,1.00,0.02,0.01,-0.01,-1.00,100.47
0,12901,-1.00,-0.00,0.01,-0.05,0.03,0.02,0.01,1.00,0.02,0.01,-0.01,-1.00,100.47
0,12917,-1.00,-0.00,0.01,-0.05,0.03,0.02,0.01,1.00,0.02,0.01,-0.01,-1.00,100.50
0,12933,-1.00,-0.00,0.01,-0.07,0.03,0.02,0.01,1.00,0.02,0.01,-0.01,-1.00,100.50
0,12949,-1.00,-0.00,0.01,-0.08,0.03,0.02,0.01,1.00,0.02,0.01,-0.01,-1.00,100.47
0,12965,-1.00,-0.00,0.01,-0.10,0.03,0.02,0.01,1.00,0.02,0.01,-0.01,-1.00,100.50
0,12981,-0.99,-0.00,0.00,-0.11,0.03,0.02,0.01,1.00,0.02,0.01,-0.01,-1.00,100.50
0,13029,-0.99,-0.00,0.00,-0.14,0.03,0.02,0.01,1.00,0.02,0.01,-0.01,-1.00,100.46
0,13045,-0.99,-0.00,0.00,-0.15,0.03,0.02,0.01,1.00,0.02,0.01,-0.01,-1.00,100.50
0,13061,-0.99,-0.00,0.00,-0.16,0.03,0.02,0.01,1.00,0.02,0.01,-0.01,-1.00,100.50
0,13077,-0.98,-0.00,0.00,-0.18,0.03,0.02,0.01,1.00,0.02,0.01,-0.01,-1.00,100.50
0,13093,-0.98,-0.00,0.00,-0.21,0.03,0.02,0.01,1.00,0.02,0.01,-0.01,-1.00,100.50
0,13109,-0.97,-0.00,0.00,-0.23,0.03,0.02,0.01,1.00,0.02,0.01,-0.01,-1.00,100.47
0,13125,-0.97,-0.01,0.00,-0.25,0.03,0.02,0.01,1.00,0.02,0.01,-0.01,-1.00,100.48
0,13173,-0.96,-0.01,-0.00,-0.27,0.03,0.02,0.01,1.00,0.02,0.01,-0.01,-1.00,100.47
0,13189,-0.96,-0.01,-0.00,-0.29,0.03,0.02,0.01,1.00,0.02,0.01,-0.01,-1.00,100.48
0,13205,-0.95,-0.01,-0.00,-0.32,0.03,0.02,0.01,1.00,0.02,0.01,-0.01,-1.00,100.50
0,13221,-0.94,-0.01,-0.00,-0.34,0.03,0.02,0.01,1.00,0.02,0.01,-0.01,-1.00,100.51
0,13237,-0.94,-0.01,-0.00,-0.35,0.03,0.02,0.01,1.00,0.02,0.01,-0.01,-1.00,100.50
0,13253,-0.93,-0.01,-0.00,-0.36,0.03,0.02,0.01,1.00,0.02,0.01,-0.01,-1.00,100.47
0,13269,-0.93,-0.01,-0.00,-0.37,0.03,0.02,0.01,1.00,0.02,0.01,-0.01,-1.00,100.50
0,13317,-0.92,-0.01,-0.00,-0.40,0.03,0.02,0.01,1.00,0.02,0.01,-0.01,-1.00,100.47
0,13333,-0.91,-0.01,-0.00,-0.42,0.03,0.02,0.01,1.00,0.02,0.01,-0.01,-1.00,100.50
0,13349,-0.90,-0.01,-0.00,-0.43,0.03,0.02,0.01,1.00,0.02,0.00,-0.01,-1.00,100.50
0,13365,-0.90,-0.01,-0.00,-0.44,0.03,0.02,0.01,1.00,0.02,0.00,-0.01,-1.00,100.47
0,13381,-0.89,-0.01,-0.00,-0.45,0.03,0.02,0.01,1.00,0.02,0.00,-0.01,-1.00,100.50
0,13397,-0.88,-0.01,-0.00,-0.47,0.03,0.02,0.01,1.00,0.02,0.00,-0.01,-1.00,100.48
0,13413,-0.88,-0.01,-0.00,-0.48,0.03,0.02,0.01,1.00,0.02,0.00,-0.01,-1.00,100.50
0,13461,-0.86,-0.01,-0.00,-0.51,0.03,0.02,0.01,1.00,0.02,0.01,-0.01,-1.00,100.50
0,13477,-0.85,-0.01,-0.00,-0.53,0.03,0.02,0.01,1.00,0.02,0.01,-0.01,-1.00,100.50
0,13493,-0.84,-0.01,-0.00,-0.55,0.03,0.02,0.01,1.00,0.02,0.01,-0.01,-1.00,100.48
0,13509,-0.82,-0.01,-0.00,-0.57,0.03,0.02,0.01,1.00,0.02,0.01,-0.01,-1.00,100.47
0,13525,-0.81,-0.01,-0.00,-0.58,0.03,0.02,0.01,1.00,0.02,0.01,-0.01,-1.00,100.47
0,13541,-0.81,-0.01,-0.00,-0.59,0.03,0.02,0.01,1.00,0.02,0.01,-0.01,-1.00,100.48
0,13557,-0.81,-0.01,-0.00,-0.59,0.03,0.02,0.01,1.00,0.02,0.01,-0.01,-1.00,100.48
0,13605,-0.79,-0.01,-0.00,-0.61,0.03,0.02,0.01,1.00,0.02,0.01,-0.01,-1.00,100.50
0,13621,-0.79,-0.01,-0.00,-0.62,0.03,0.02,0.01,1.00,0.02,0.01,-0.01,-1.00,100.50
0,13637,-0.78,-0.01,-0.00,-0.62,0.03,0.02,0.01,1.00,0.02,0.01,-0.01,-1.00,100.47
0,13653,-0.78,-0.01,-0.00,-0.63,0.03,0.02,0.01,1.00,0.02,0.01,-0.01,-1.00,100.46
0,13669,-0.77,-0.01,-0.00,-0.64,0.03,0.02,0.01,1.00,0.02,0.01,-0.01,-1.00,100.47
0,13685,-0.77,-0.01,-0.00,-0.64,0.03,0.02,0.01,1.00,0.02,0.01,-0.01,-1.00,100.48
0,13701,-0.76,-0.01,-0.00,-0.65,0.03,0.02,0.01,1.00,0.02,0.01,-0.01,-1.00,100.50
0,13749,-0.75,-0.01,-0.00,-0.66,0.03,0.02,0.01,1.00,0.02,0.01,-0.01,-1.00,100.47
0,13765,-0.75,-0.01,-0.00,-0.66,0.03,0.02,0.01,1.00,0.02,0.01,-0.01,-1.00,100.50
0,13781,-0.75,-0.01,-0.00,-0.66,0.03,0.02,0.01,1.00,0.02,0.01,-0.01,-1.00,100.50
0,13797,-0.74,-0.01,-0.00,-0.67,0.03,0.02,0.01,1.00,0.02,0.01,-0.01,-1.00,100.47
0,13813,-0.74,-0.01,-0.00,-0.67,0.03,0.02,0.01,1.00,0.02,0.01,-0.01,-1.00,100.50
0,13829,-0.74,-0.01,-0.00,-0.68,0.03,0.02,0.01,1.00,0.02,0.01,-0.01,-1.00,100.48
0,13845,-0.73,-0.01,-0.00,-0.68,0.03,0.02,0.01,1.00,0.02,0.01,-0.01,-1.00,100.47
0,13893,-0.73,-0.01,-0.00,-0.68,0.03,0.02,0.01,1.00,0.02,0.01,-0.01,-1.00,100.50
0,13909,-0.73,-0.01,-0.00,-0.68,0.03,0.02,0.01,1.00,0.02,0.01,-0.01,-1.00,100.48
0,13925,-0.73,-0.01,-0.00,-0.68,0.03,0.02,0.01,1.00,0.02,0.01,-0.01,-1.00,100.50
0,13941,-0.73,-0.01,-0.01,-0.68,0.03,0.02,0.01,1.00,0.02,0.01,-0.01,-1.00,100.50
0,13957,-0.73,-0.01,-0.01,-0.68,0.03,0.02,0.01,1.00,0.02,0.01,-0.01,-1.00,100.50
0,13973,-0.73,-0.01,-0.01,-0.68,0.03,0.02,0.01,1.00,0.02,0.01,-0.01,-1.00,100.50
0,13989,-0.73,-0.01,-0.01,-0.68,0.03,0.02,0.01,1.00,0.02,0.01,-0.01,-1.00,100.48
0,14037,-0.73,-0.01,-0.01,-0.68,0.03,0.02,0.01,1.00,0.02,0.01,-0.01,-1.00,100.48
0,14053,-0.73,-0.01,-0.01,-0.68,0.03,0.02,0.01,1.00,0.02,0.01,-0.01,-1.00,100.50
0,14069,-0.73,-0.01,-0.01,-0.68,0.03,0.02,0.01,1.00,0.02,0.01,-0.01,-1.00,100.49
0,14085,-0.73,-0.01,-0.01,-0.68,0.03,0.02,0.01,1.00,0.02,0.01,-0.01,-1.00,100.48
0,14101,-0.73,-0.01,-0.01,-0.68,0.03,0.02,0.01,1.00,0.02,0.01,-0.01,-1.00,100.48
0,14117,-0.73,-0.01,-0.01,-0.68,0.03,0.02,0.01,1.00,0.02,0.01,-0.01,-1.00,100.48
0,14133,-0.73,-0.01,-0.01,-0.68,0.03,0.02,0.01,1.00,0.02,0.01,-0.01,-1.00,100.47
0,14181,-0.73,-0.01,-0.00,-0.68,0.03,0.02,0.01,1.00,0.02,0.01,-0.01,-1.00,100.47
0,14197,-0.73,-0.01,-0.00,-0.68,0.03,0.02,0.01,1.00,0.02,0.01,-0.01,-1.00,100.50
0,14213,-0.73,-0.01,-0.01,-0.68,0.03,0.02,0.01,1.00,0.02,0.01,-0.01,-1.00,100.50
0,14229,-0.73,-0.01,-0.01,-0.68,0.03,0.02,0.01,1.00,0.02,0.01,-0.01,-1.00,100.48
0,14245,-0.73,-0.01,-0.00,-0.68,0.03,0.02,0.01,1.00,0.02,0.01,-0.01,-1.00,100.47
0,14261,-0.73,-0.01,-0.00,-0.68,0.03,0.02,0.01,1.00,0.02,0.01,-0.01,-1.00,100.48
0,14277,-0.73,-0.01,-0.00,-0.68,0.03,0.02,0.01,1.00,0.02,0.01,-0.01,-1.00,100.47
0,14325,-0.73,-0.01,-0.00,-0.68,0.03,0.02,0.01,1.00,0.02,0.01,-0.01,-1.00,100.48
0,14341,-0.73,-0.01,-0.00,-0.68,0.03,0.02,0.01,1.00,0.02,0.01,-0.01,-1.00,100.50
0,14357,-0.73,-0.01,-0.00,-0.68,0.03,0.02,0.01,1.00,0.02,0.01,-0.01,-1.00,100.50
0,14373,-0.73,-0.01,-0.00,-0.68,0.03,0.02,0.01,1.00,0.02,0.01,-0.01,-1.00,100.47
0,14389,-0.73,-0.01,-0.00,-0.68,0.03,0.02,0.01,1.00,0.02,0.01,-0.01,-1.00,100.50
0,14405,-0.73,-0.01,-0.00,-0.68,0.03,0.02,0.01,1.00,0.02,0.01,-0.01,-1.00,100.50
0,14421,-0.73,-0.01,-0.00,-0.68,0.03,0.02,0.01,1.00,0.02,0.01,-0.01,-1.00,100.48
0,14469,-0.73,-0.01,-0.00,-0.68,0.03,0.02,0.01,1.00,0.02,0.01,-0.01,-1.00,100.50
0,14485,-0.73,-0.01,-0.00,-0.68,0.03,0.02,0.01,1.00,0.02,0.01,-0.01,-1.00,100.48
0,14501,-0.73,-0.01,-0.00,-0.68,0.03,0.02,0.01,1.00,0.02,0.01,-0.01,-1.00,100.47
0,14517,-0.73,-0.01,-0.00,-0.68,0.03,0.02,0.01,1.00,0.02,0.01,-0.01,-1.00,100.50
0,14533,-0.73,-0.01,-0.00,-0.68,0.03,0.02,0.01,1.00,0.02,0.01,-0.01,-1.00,100.50
0,14549,-0.73,-0.01,-0.00,-0.68,0.03,0.02,0.01,1.00,0.02,0.01,-0.01,-1.00,100.50
0,14565,-0.73,-0.01,-0.00,-0.68,0.03,0.02,0.01,1.00,0.02,0.01,-0.01,-1.00,100.48
0,14613,-0.73,-0.01,-0.00,-0.68,0.03,0.02,0.01,1.00,0.02,0.01,-0.01,-1.00,100.50
0,14629,-0.73,-0.01,-0.00,-0.68,0.03,0.02,0.01,1.00,0.02,0.01,-0.01,-1.00,100.46
0,14645,-0.73,-0.01,-0.00,-0.68,0.03,0.02,0.01,1.00,0.02,0.01,-0.01,-1.00,100.48
0,14661,-0.73,-0.01,-0.00,-0.68,0.03,0.02,0.01,1.00,0.02,0.01,-0.01,-1.00,100.50
0,14677,-0.73,-0.01,-0.00,-0.68,0.03,0.02,0.01,1.00,0.02,0.01,-0.01,-1.00,100.44
0,14693,-0.73,-0.01,-0.00,-0.68,0.03,0.02,0.01,1.00,0.02,0.01,-0.01,-1.00,100.50
0,14709,-0.73,-0.01,-0.00,-0.68,0.03,0.02,0.01,1.00,0.02,0.01,-0.01,-1.00,100.47
0,14757,-0.73,-0.01,-0.00,-0.68,0.03,0.02,0.01,1.00,0.02,0.01,-0.01,-1.00,100.48
0,14773,-0.73,-0.01,-0.00,-0.68,0.03,0.02,0.01,1.00,0.02,0.01,-0.01,-1.00,100.48
0,14789,-0.73,-0.01,-0.00,-0.68,0.03,0.02,0.01,1.00,0.02,0.01,-0.01,-1.00,100.50
0,14805,-0.73,-0.01,-0.00,-0.68,0.03,0.02,0.01,1.00,0.02,0.01,-0.01,-1.00,100.48
0,14821,-0.73,-0.01,-0.00,-0.68,0.03,0.02,0.01,1.00,0.02,0.01,-0.01,-1.00,100.50
0,14837,-0.74,-0.01,-0.01,-0.68,0.03,0.02,0.01,1.00,0.02,0.01,-0.01,-1.00,100.48
0,14853,-0.74,-0.01,-0.00,-0.67,0.03,0.02,0.01,1.00,0.02,0.01,-0.01,-1.00,100.48
0,14901,-0.76,-0.00,-0.00,-0.65,0.03,0.02,0.01,1.00,0.02,0.01,-0.01,-1.00,100.50
0,14917,-0.76,-0.01,-0.00,-0.65,0.03,0.02,0.01,1.00,0.02,0.01,-0.01,-1.00,100.47
0,14933,-0.77,-0.01,-0.00,-0.64,0.03,0.02,0.01,1.00,0.02,0.01,-0.01,-1.00,100.48
0,14949,-0.77,-0.01,-0.00,-0.64,0.03,0.02,0.01,1.00,0.02,0.01,-0.01,-1.00,100.48
0,14965,-0.77,-0.01,-0.00,-0.64,0.03,0.02,0.01,1.00,0.02,0.01,-0.01,-1.00,100.47
0,14981,-0.77,-0.01,-0.00,-0.64,0.03,0.02,0.01,1.00,0.02,0.01,-0.01,-1.00,100.48
0,14997,-0.77,-0.01,-0.00,-0.64,0.03,0.02,0.01,1.00,0.02,0.01,-0.01,-1.00,100.46
0,15045,-0.77,-0.01,-0.00,-0.64,0.03,0.02,0.01,1.00,0.02,0.01,-0.01,-1.00,100.48
0,15061,-0.77,-0.01,-0.00,-0.64,0.03,0.02,0.01,1.00,0.02,0.01,-0.01,-1.00,100.50
0,15077,-0.77,-0.01,-0.00,-0.64,0.03,0.02,0.01,1.00,0.02,0.01,-0.01,-1.00,100.48
0,15093,-0.77,-0.01,-0.00,-0.64,0.03,0.02,0.01,1.00,0.02,0.01,-0.01,-1.00,100.48
0,15109,-0.77,-0.01,-0.00,-0.64,0.03,0.02,0.01,1.00,0.02,0.01,-0.01,-1.00,100.47
0,15125,-0.77,-0.01,-0.00,-0.64,0.03,0.02,0.01,1.00,0.02,0.01,-0.01,-1.00,100.47
0,15141,-0.77,-0.01,-0.00,-0.64,0.03,0.02,0.01,1.00,0.02,0.01,-0.01,-1.00,100.50
0,15189,-0.77,-0.01,-0.00,-0.64,0.03,0.02,0.01,1.00,0.02,0.01,-0.01,-1.00,100.50
0,15205,-0.77,-0.01,-0.00,-0.64,0.03,0.02,0.01,1.00,0.02,0.01,-0.01,-1.00,100.50
0,15221,-0.77,-0.01,-0.00,-0.64,0.03,0.02,0.01,1.00,0.02,0.01,-0.01,-1.00,100.51
0,15237,-0.77,-0.01,-0.00,-0.64,0.03,0.02,0.01,1.00,0.02,0.01,-0.01,-1.00,100.48
0,15253,-0.77,-0.01,-0.00,-0.64,0.03,0.02,0.01,1.00,0.02,0.01,-0.01,-1.00,100.50
0,15269,-0.77,-0.01,-0.00,-0.64,0.03,0.02,0.01,1.00,0.02,0.01,-0.01,-1.00,100.48
0,15285,-0.77,-0.01,-0.00,-0.64,0.03,0.02,0.01,1.00,0.02,0.01,-0.01,-1.00,100.50
0,15333,-0.77,-0.01,-0.01,-0.64,0.03,0.02,0.01,1.00,0.02,0.01,-0.01,-1.00,100.50
0,15349,-0.77,-0.01,-0.01,-0.64,0.03,0.02,0.01,1.00,0.02,0.01,-0.01,-1.00,100.48
0,15365,-0.77,-0.01,-0.01,-0.64,0.03,0.02,0.01,1.00,0.02,0.01,-0.01,-1.00,100.48
0,15381,-0.76,-0.01,-0.01,-0.64,0.03,0.02,0.01,1.00,0.02,0.01,-0.01,-1.00,100.48
0,15397,-0.76,-0.01,-0.01,-0.64,0.03,0.02,0.01,1.00,0.02,0.01,-0.01,-1.00,100.50
0,15413,-0.76,-0.01,-0.01,-0.64,0.03,0.02,0.01,1.00,0.02,0.01,-0.01,-1.00,100.48
0,15429,-0.76,-0.01,-0.01,-0.64,0.03,0.02,0.01,1.00,0.02,0.01,-0.01,-1.00,100.48
0,15477,-0.76,-0.01,-0.01,-0.64,0.03,0.02,0.01,1.00,0.02,0.01,-0.01,-1.00,100.48
0,15493,-0.76,-0.01,-0.01,-0.64,0.03,0.02,0.01,1.00,0.02,0.01,-0.01,-1.00,100.48
0,15509,-0.76,-0.01,-0.01,-0.64,0.03,0.02,0.01,1.00,0.02,0.01,-0.01,-1.00,100.48
0,15525,-0.76,-0.01,-0.01,-0.64,0.03,0.02,0.01,1.00,0.02,0.01,-0.01,-1.00,100.49
0,15541,-0.76,-0.01,-0.01,-0.65,0.03,0.02,0.01,1.00,0.02,0.01,-0.01,-1.00,100.48
0,15557,-0.76,-0.01,-0.01,-0.65,0.03,0.02,0.01,1.00,0.02,0.01,-0.01,-1.00,100.48
0,15573,-0.76,-0.01,-0.01,-0.65,0.03,0.02,0.01,1.00,0.02,0.01,-0.01,-1.00,100.50
0,15621,-0.76,-0.01,-0.01,-0.65,0.03,0.02,0.01,1.00,0.02,0.01,-0.01,-1.00,100.48
0,15637,-0.76,-0.00,-0.00,-0.65,0.03,0.02,0.01,1.00,0.02,0.01,-0.01,-1.00,100.48
0,15653,-0.76,-0.01,-0.00,-0.65,0.03,0.02,0.01,1.00,0.02,0.01,-0.01,-1.00,100.52
0,15669,-0.76,-0.01,-0.00,-0.65,0.03,0.02,0.01,1.00,0.02,0.01,-0.01,-1.00,100.48
0,15685,-0.75,-0.01,-0.00,-0.66,0.03,0.02,0.01,1.00,0.02,0.01,-0.01,-1.00,100.50
0,15701,-0.74,-0.00,-0.01,-0.67,0.03,0.02,0.01,1.00,0.02,0.01,-0.01,-1.00,100.48
0,15717,-0.73,-0.00,-0.01,-0.68,0.03,0.02,0.01,1.00,0.02,0.01,-0.01,-1.00,100.50
0,15765,-0.73,-0.00,-0.01,-0.68,0.03,0.02,0.01,1.00,0.02,0.01,-0.01,-1.00,100.50
0,15781,-0.73,-0.00,-0.01,-0.68,0.03,0.02,0.01,1.00,0.02,0.01,-0.01,-1.00,100.48
0,15797,-0.73,0.00,-0.02,-0.68,0.03,0.02,0.01,1.00,0.02,0.01,-0.01,-1.00,100.47
0,15813,-0.73,-0.00,-0.01,-0.68,0.03,0.02,0.01,1.00,0.02,0.01,-0.01,-1.00,100.48
0,15829,-0.73,-0.00,-0.01,-0.69,0.03,0.02,0.01,1.00,0.02,0.01,-0.01,-1.00,100.48
0,15845,-0.73,-0.00,-0.01,-0.69,0.03,0.02,0.01,1.00,0.02,0.01,-0.01,-1.00,100.48
0,15861,-0.73,-0.00,-0.01,-0.69,0.03,0.02,0.01,1.00,0.02,0.01,-0.01,-1.00,100.48
0,15909,-0.73,-0.00,-0.01,-0.69,0.03,0.02,0.01,1.00,0.02,0.01,-0.01,-1.00,100.48
0,15925,-0.73,-0.00,-0.01,-0.69,0.03,0.02,0.01,1.00,0.02,0.01,-0.01,-1.00,100.50
0,15941,-0.73,-0.00,-0.01,-0.69,0.03,0.02,0.01,1.00,0.02,0.01,-0.01,-1.00,100.48
0,15957,-0.73,-0.00,-0.01,-0.69,0.03,0.02,0.01,1.00,0.02,0.01,-0.01,-1.00,100.52
0,15973,-0.73,-0.00,-0.01,-0.69,0.03,0.02,0.01,1.00,0.02,0.01,-0.01,-1.00,100.48
0,15989,-0.73,-0.00,-0.01,-0.69,0.03,0.02,0.01,1.00,0.02,0.01,-0.01,-1.00,100.48
0,16005,-0.73,-0.00,-0.01,-0.69,0.03,0.02,0.01,1.00,0.02,0.01,-0.01,-1.00,100.50
0,16053,-0.73,-0.00,-0.01,-0.69,0.03,0.02,0.01,1.00,0.02,0.01,-0.01,-1.00,100.48
0,16069,-0.73,-0.00,-0.01,-0.69,0.03,0.02,0.01,1.00,0.02,0.01,-0.01,-1.00,100.50
0,16085,-0.73,-0.00,-0.01,-0.69,0.04,0.02,0.01,1.00,0.02,0.01,-0.01,-1.00,100.48
0,16101,-0.73,-0.00,-0.01,-0.69,0.04,0.02,0.01,1.00,0.02,0.01,-0.01,-1.00,100.50
0,16117,-0.73,-0.00,-0.01,-0.69,0.04,0.02,0.01,1.00,0.02,0.01,-0.01,-1.00,100.48
0,16133,-0.73,-0.00,-0.01,-0.69,0.04,0.02,0.01,1.00,0.02,0.01,-0.01,-1.00,100.48
0,16149,-0.73,-0.00,-0.01,-0.69,0.04,0.02,0.01,1.00,0.02,0.01,-0.01,-1.00,100.48
0,16197,-0.73,-0.00,-0.01,-0.69,0.04,0.02,0.01,1.00,0.02,0.01,-0.01,-1.00,100.45
0,16213,-0.73,-0.00,-0.01,-0.69,0.04,0.02,0.01,1.00,0.02,0.01,-0.01,-1.00,100.48
0,16229,-0.73,-0.00,-0.01,-0.69,0.04,0.02,0.01,1.00,0.02,0.01,-0.01,-1.00,100.50
0,16245,-0.73,-0.00,-0.01,-0.69,0.04,0.02,0.01,1.00,0.02,0.01,-0.01,-1.00,100.48
0,16261,-0.73,-0.00,-0.01,-0.69,0.04,0.02,0.01,1.00,0.02,0.01,-0.01,-1.00,100.48
0,16277,-0.73,-0.00,-0.01,-0.69,0.04,0.02,0.01,1.00,0.02,0.01,-0.01,-1.00,100.48
0,16293,-0.73,-0.00,-0.01,-0.69,0.04,0.02,0.01,1.00,0.02,0.01,-0.01,-1.00,100.48
0,16341,-0.73,-0.00,-0.01,-0.69,0.04,0.02,0.01,1.00,0.02,0.01,-0.01,-1.00,100.48
0,16357,-0.73,-0.00,-0.01,-0.69,0.04,0.02,0.01,1.00,0.02,0.01,-0.01,-1.00,100.48
0,16373,-0.73,-0.00,-0.01,-0.68,0.04,0.02,0.01,1.00,0.02,0.01,-0.01,-1.00,100.48
0,16389,-0.73,-0.00,-0.01,-0.68,0.04,0.02,0.01,1.00,0.02,0.01,-0.01,-1.00,100.48
0,16405,-0.73,-0.00,-0.01,-0.68,0.04,0.02,0.01,1.00,0.02,0.01,-0.01,-1.00,100.48
0,16421,-0.73,-0.00,-0.01,-0.68,0.04,0.02,0.01,1.00,0.01,0.01,-0.01,-1.00,100.50
0,16437,-0.73,-0.00,-0.01,-0.68,0.04,0.02,0.01,1.00,0.01,0.01,-0.01,-1.00,100.50
0,16485,-0.73,-0.00,-0.01,-0.68,0.04,0.02,0.01,1.00,-0.00,0.01,-0.01,-1.00,100.46
0,16501,-0.73,-0.00,-0.01,-0.68,0.04,0.02,0.01,1.00,-0.00,0.01,-0.01,-1.00,100.50
0,16517,-0.73,0.00,-0.01,-0.68,0.04,0.02,0.01,1.00,-0.00,0.01,-0.01,-1.00,100.48
0,16533,-0.73,0.00,-0.01,-0.68,0.04,0.02,0.01,1.00,-0.00,0.01,-0.01,-1.00,100.48
0,16549,-0.73,0.00,-0.01,-0.68,0.04,0.02,0.01,1.00,-0.00,0.01,-0.01,-1.00,100.48
0,16565,-0.73,0.00,-0.01,-0.68,0.04,0.02,0.01,1.00,-0.00,0.01,-0.01,-1.00,100.48
0,16581,-0.73,0.00,-0.01,-0.68,0.04,0.02,0.01,1.00,-0.00,0.01,-0.01,-1.00,100.48
0,16629,-0.73,-0.00,-0.01,-0.68,0.05,0.02,0.01,1.00,-0.00,0.01,-0.02,-1.00,100.48
0,16645,-0.73,-0.00,-0.01,-0.68,0.05,0.02,0.01,1.00,-0.00,0.01,-0.02,-1.00,100.48
0,16661,-0.73,-0.00,-0.01,-0.68,0.05,0.02,0.01,1.00,0.00,0.01,-0.02,-1.00,100.48
0,16677,-0.73,-0.00,-0.01,-0.68,0.05,0.02,0.01,1.00,0.00,0.01,-0.02,-1.00,100.46
0,16693,-0.73,-0.00,-0.01,-0.68,0.05,0.02,0.01,1.00,0.00,0.01,-0.02,-1.00,100.48
0,16709,-0.73,-0.00,-0.01,-0.68,0.05,0.02,0.01,1.00,0.00,0.01,-0.02,-1.00,100.48
0,16725,-0.73,-0.00,-0.01,-0.68,0.05,0.02,0.01,1.00,0.01,0.01,-0.02,-1.00,100.50
0,16773,-0.73,-0.00,-0.01,-0.68,0.05,0.02,0.01,1.00,0.01,0.01,-0.02,-1.00,100.48
0,16789,-0.73,-0.00,-0.01,-0.68,0.05,0.02,0.01,1.00,0.01,0.01,-0.02,-1.00,100.48
0,16805,-0.73,-0.00,-0.01,-0.68,0.05,0.02,0.01,1.00,0.01,0.01,-0.02,-1.00,100.48
0,16821,-0.73,-0.00,-0.01,-0.68,0.05,0.02,0.01,1.00,0.01,0.01,-0.02,-1.00,100.48
0,16837,-0.73,-0.00,-0.01,-0.68,0.05,0.02,0.01,1.00,0.01,0.01,-0.02,-1.00,100.48
0,16853,-0.73,-0.00,-0.01,-0.68,0.05,0.02,0.01,1.00,0.01,0.01,-0.02,-1.00,100.50
0,16869,-0.73,-0.00,-0.01,-0.68,0.05,0.02,0.01,1.00,0.01,0.01,-0.02,-1.00,100.48
0,16917,-0.73,-0.00,-0.01,-0.68,0.05,0.02,0.01,1.00,0.01,0.01,-0.02,-1.00,100.48
0,16933,-0.73,-0.00,-0.01,-0.68,0.05,0.02,0.01,1.00,0.01,0.01,-0.01,-1.00,100.46
0,16949,-0.73,0.00,-0.01,-0.68,0.05,0.02,0.01,1.00,0.01,0.01,-0.01,-1.00,100.48
0,16965,-0.73,0.00,-0.01,-0.68,0.05,0.02,0.01,1.00,0.01,0.01,-0.01,-1.00,100.48
0,16981,-0.73,0.00,-0.01,-0.68,0.05,0.02,0.01,1.00,0.01,0.01,-0.01,-1.00,100.50
0,16997,-0.73,0.00,-0.01,-0.68,0.05,0.02,0.01,1.00,0.01,0.00,-0.01,-1.00,100.50
0,17013,-0.73,0.00,-0.01,-0.68,0.05,0.02,0.01,1.00,0.01,0.00,-0.01,-1.00,100.48
0,17061,-0.73,0.00,-0.01,-0.68,0.04,0.02,0.01,1.00,0.02,0.01,-0.01,-1.00,100.48
0,17077,-0.73,0.00,-0.01,-0.68,0.04,0.02,0.01,1.00,0.02,0.01,-0.01,-1.00,100.48
0,17093,-0.73,-0.00,-0.01,-0.68,0.03,0.02,0.01,1.00,0.02,0.01,-0.01,-1.00,100.48
0,17109,-0.73,-0.00,-0.01,-0.68,0.03,0.02,0.01,1.00,0.02,0.00,-0.01,-1.00,100.44
0,17125,-0.73,-0.00,-0.01,-0.68,0.03,0.02,0.01,1.00,0.02,0.00,-0.01,-1.00,100.48
0,17141,-0.73,-0.00,-0.01,-0.68,0.03,0.02,0.01,1.00,0.02,0.00,-0.01,-1.00,100.50
0,17157,-0.73,-0.00,-0.01,-0.68,0.03,0.02,0.01,1.00,0.02,0.00,-0.01,-1.00,100.48
0,17205,-0.73,0.00,-0.01,-0.68,0.03,0.02,0.01,1.00,0.02,0.00,-0.01,-1.00,100.48
0,17221,-0.73,0.00,-0.01,-0.68,0.03,0.02,0.01,1.00,0.02,0.00,-0.01,-1.00,100.48
0,17237,-0.73,0.00,-0.01,-0.68,0.03,0.02,0.01,1.00,0.02,0.00,-0.01,-1.00,100.49
0,17253,-0.73,0.00,-0.01,-0.68,0.03,0.02,0.01,1.00,0.02,0.00,-0.01,-1.00,100.48
0,17269,-0.73,0.00,-0.01,-0.68,0.03,0.02,0.01,1.00,0.02,0.00,-0.01,-1.00,100.48
0,17285,-0.73,0.00,-0.01,-0.68,0.03,0.02,0.01,1.00,0.02,0.00,-0.01,-1.00,100.46
0,17301,-0.73,0.00,-0.01,-0.68,0.03,0.02,0.01,1.00,0.02,0.00,-0.01,-1.00,100.48
0,17349,-0.73,0.00,-0.01,-0.68,0.03,0.02,0.01,1.00,0.02,0.00,-0.01,-1.00,100.48
0,17365,-0.73,0.00,-0.01,-0.68,0.03,0.02,0.01,1.00,0.02,0.00,-0.01,-1.00,100.48
0,17381,-0.73,0.00,-0.01,-0.68,0.03,0.02,0.01,1.00,0.02,0.00,-0.01,-1.00,100.46
0,17397,-0.73,0.00,-0.01,-0.68,0.03,0.02,0.01,1.00,0.02,0.00,-0.01,-1.00,100.50
0,17413,-0.73,0.00,-0.01,-0.68,0.03,0.02,0.01,1.00,0.02,0.00,-0.01,-1.00,100.52
0,17429,-0.73,0.00,-0.01,-0.68,0.03,0.02,0.01,1.00,0.02,0.00,-0.01,-1.00,100.48
0,17445,-0.73,0.00,-0.01,-0.68,0.03,0.02,0.01,1.00,0.02,0.00,-0.01,-1.00,100.48
0,17493,-0.73,0.00,-0.01,-0.68,0.03,0.02,0.01,1.00,0.02,0.00,-0.01,-1.00,100.48
0,17509,-0.73,0.00,-0.01,-0.68,0.03,0.02,0.01,1.00,0.02,0.00,-0.01,-1.00,100.50
0,17525,-0.73,0.00,-0.01,-0.68,0.03,0.02,0.01,1.00,0.02,0.00,-0.01,-1.00,100.46
0,17541,-0.73,0.00,-0.01,-0.68,0.03,0.02,0.01,1.00,0.02,0.00,-0.01,-1.00,100.48
0,17557,-0.73,0.00,-0.01,-0.68,0.03,0.02,0.01,1.00,0.02,0.00,-0.01,-1.00,100.48
0,17573,-0.73,0.00,-0.01,-0.68,0.03,0.02,0.01,1.00,0.02,0.00,-0.01,-1.00,100.46
0,17589,-0.73,0.00,-0.01,-0.68,0.03,0.02,0.01,1.00,0.02,0.00,-0.01,-1.00,100.48
0,17637,-0.73,0.00,-0.01,-0.68,0.03,0.02,0.01,1.00,0.02,0.00,-0.01,-1.00,100.48
0,17653,-0.73,-0.00,-0.01,-0.68,0.03,0.02,0.01,1.00,0.02,0.01,-0.01,-1.00,100.46
0,17669,-0.73,-0.00,-0.01,-0.68,0.03,0.02,0.01,1.00,0.02,0.00,-0.01,-1.00,100.48
0,17685,-0.73,-0.00,-0.01,-0.68,0.03,0.02,0.01,1.00,0.02,0.01,-0.01,-1.00,100.48
0,17701,-0.73,-0.00,-0.01,-0.68,0.03,0.02,0.01,1.00,0.02,0.01,-0.01,-1.00,100.50
0,17717,-0.73,-0.00,-0.01,-0.68,0.03,0.02,0.01,1.00,0.02,0.01,-0.01,-1.00,100.50
0,17733,-0.73,-0.00,-0.01,-0.68,0.03,0.02,0.01,1.00,0.02,0.01,-0.01,-1.00,100.48
0,17781,-0.73,-0.00,-0.01,-0.68,0.03,0.02,0.01,1.00,0.02,0.01,-0.01,-1.00,100.50
0,17797,-0.73,-0.00,-0.01,-0.68,0.03,0.02,0.01,1.00,0.02,0.01,-0.01,-1.00,100.48
0,17813,-0.73,-0.00,-0.01,-0.68,0.03,0.02,0.01,1.00,0.02,0.01,-0.01,-1.00,100.48
0,17829,-0.73,-0.00,-0.01,-0.68,0.03,0.02,0.01,1.00,0.02,0.00,-0.01,-1.00,100.48
0,17845,-0.73,-0.00,-0.01,-0.68,0.03,0.02,0.01,1.00,0.02,0.00,-0.01,-1.00,100.48
0,17861,-0.73,-0.00,-0.01,-0.68,0.03,0.02,0.01,1.00,0.02,0.00,-0.01,-1.00,100.48
0,17877,-0.73,-0.00,-0.01,-0.68,0.03,0.02,0.01,1.00,0.02,0.01,-0.01,-1.00,100.51
0,17925,-0.73,-0.00,-0.01,-0.68,0.03,0.02,0.01,1.00,0.02,0.00,-0.01,-1.00,100.48
0,17941,-0.73,-0.00,-0.01,-0.68,0.03,0.02,0.01,1.00,0.02,0.00,-0.01,-1.00,100.48
0,17957,-0.73,-0.00,-0.01,-0.68,0.03,0.02,0.01,1.00,0.02,0.00,-0.01,-1.00,100.47
0,17973,-0.73,-0.00,-0.01,-0.68,0.03,0.02,0.01,1.00,0.02,0.00,-0.01,-1.00,100.48
0,17989,-0.73,-0.00,-0.01,-0.68,0.03,0.02,0.01,1.00,0.02,0.00,-0.01,-1.00,100.48
0,18005,-0.73,-0.00,-0.01,-0.68,0.03,0.02,0.01,1.00,0.02,0.00,-0.01,-1.00,100.48
0,18021,-0.73,-0.00,-0.01,-0.68,0.03,0.02,0.01,1.00,0.02,0.00,-0.01,-1.00,100.48
0,18069,-0.73,0.00,-0.01,-0.68,0.03,0.02,0.01,1.00,0.02,0.00,-0.01,-1.00,100.48
0,18085,-0.73,0.00,-0.01,-0.68,0.03,0.02,0.01,1.00,0.02,0.00,-0.01,-1.00,100.50
0,18101,-0.73,0.00,-0.01,-0.68,0.03,0.02,0.01,1.00,0.02,0.00,-0.01,-1.00,100.46
0,18117,-0.73,0.00,-0.01,-0.68,0.03,0.02,0.01,1.00,0.02,0.01,-0.01,-1.00,100.48
0,18133,-0.73,0.00,-0.01,-0.68,0.03,0.02,0.01,1.00,0.02,0.01,-0.01,-1.00,100.48
0,18149,-0.73,-0.00,-0.01,-0.68,0.03,0.02,0.01,1.00,0.02,0.01,-0.01,-1.00,100.49
0,18165,-0.73,-0.00,-0.01,-0.68,0.03,0.02,0.01,1.00,0.02,0.01,-0.01,-1.00,100.48
