q_ti=-0.3981071748262244,-0.04038768440266045,-0.07500569960494136,-0.40964651322698686
q_si=0.2964834944034341,0.05767439355828965,0.03463998400540614,-0.49042188203230797
q_fi=0.0,-0.21347776041406372,-0.536579235635348,0.0
initial_knee_angle=20.0
initial_ankle_angle=-20.0
Trial Name=ddf4
Shank Upper Circumference (mm)=121
Shank Lower Circumference (mm)=123
Elongated Band Length(mm)=19
Initial Knee Angle (deg)=20.0
Initial Ankle Angle (deg)=-20.0
Recorder Name=Taeyeon Kim

0,9,-0.67,-0.07,-0.10,-0.73,0.49,0.11,0.02,-0.87,-0.01,0.87,-0.49,-0.00,101.09
0,14,-0.67,-0.07,-0.10,-0.73,0.49,0.11,0.02,-0.87,-0.01,0.87,-0.49,-0.00,101.09
0,19,-0.67,-0.07,-0.10,-0.73,0.49,0.11,0.02,-0.87,-0.01,0.87,-0.49,-0.00,101.11
0,24,-0.67,-0.07,-0.10,-0.73,0.49,0.11,0.02,-0.87,-0.01,0.87,-0.49,-0.00,101.06
0,29,-0.67,-0.07,-0.10,-0.73,0.49,0.11,0.02,-0.87,-0.01,0.87,-0.49,-0.00,101.11
0,34,-0.67,-0.07,-0.10,-0.73,0.49,0.11,0.02,-0.87,-0.01,0.87,-0.49,-0.00,101.11
0,39,-0.67,-0.07,-0.10,-0.73,0.49,0.11,0.02,-0.87,-0.01,0.87,-0.49,-0.00,101.09
0,44,-0.67,-0.07,-0.10,-0.73,0.49,0.11,0.02,-0.87,-0.01,0.87,-0.49,-0.00,101.13
0,49,-0.67,-0.07,-0.10,-0.73,0.49,0.11,0.02,-0.87,-0.01,0.87,-0.49,-0.00,101.11
0,54,-0.67,-0.07,-0.10,-0.73,0.49,0.11,0.02,-0.87,-0.01,0.87,-0.50,-0.00,101.11
0,59,-0.67,-0.07,-0.10,-0.73,0.49,0.11,0.02,-0.87,-0.01,0.87,-0.50,-0.00,101.11
0,64,-0.67,-0.09,-0.11,-0.73,0.48,0.11,0.02,-0.87,-0.01,0.87,-0.50,-0.00,101.14
0,68,-0.67,-0.09,-0.11,-0.73,0.48,0.11,0.02,-0.87,-0.01,0.87,-0.50,-0.00,101.14
0,74,-0.67,-0.09,-0.11,-0.73,0.48,0.11,0.02,-0.87,-0.01,0.87,-0.50,-0.00,101.11
0,79,-0.67,-0.09,-0.11,-0.73,0.49,0.11,0.02,-0.87,-0.01,0.87,-0.50,-0.00,101.10
0,84,-0.67,-0.09,-0.11,-0.73,0.48,0.12,0.03,-0.87,-0.01,0.87,-0.50,-0.00,101.12
0,89,-0.67,-0.09,-0.11,-0.73,0.48,0.12,0.03,-0.87,-0.01,0.87,-0.50,-0.00,101.16
0,94,-0.67,-0.09,-0.11,-0.73,0.48,0.12,0.03,-0.87,-0.01,0.87,-0.50,-0.00,101.14
0,99,-0.67,-0.09,-0.11,-0.73,0.48,0.12,0.03,-0.87,-0.01,0.87,-0.50,-0.00,101.14
0,104,-0.67,-0.09,-0.11,-0.73,0.48,0.12,0.03,-0.87,-0.01,0.87,-0.50,-0.00,101.10
0,109,-0.67,-0.09,-0.11,-0.73,0.48,0.12,0.03,-0.87,-0.01,0.87,-0.50,-0.00,101.12
0,114,-0.67,-0.09,-0.11,-0.73,0.48,0.12,0.03,-0.87,-0.01,0.87,-0.50,-0.00,101.12
0,119,-0.67,-0.09,-0.11,-0.73,0.48,0.12,0.03,-0.87,-0.01,0.87,-0.50,-0.00,101.12
0,124,-0.67,-0.09,-0.11,-0.73,0.48,0.12,0.03,-0.87,-0.01,0.86,-0.50,-0.00,101.12
0,129,-0.67,-0.09,-0.11,-0.73,0.48,0.12,0.03,-0.87,-0.01,0.86,-0.50,-0.00,101.12
0,134,-0.67,-0.09,-0.11,-0.73,0.48,0.12,0.03,-0.87,-0.01,0.86,-0.50,-0.00,101.12
0,139,-0.67,-0.09,-0.11,-0.73,0.48,0.12,0.03,-0.87,-0.01,0.86,-0.50,-0.00,101.12
0,144,-0.67,-0.09,-0.11,-0.73,0.48,0.12,0.03,-0.87,-0.01,0.86,-0.50,-0.00,101.10
0,149,-0.67,-0.09,-0.11,-0.73,0.48,0.12,0.03,-0.87,-0.01,0.86,-0.50,-0.00,101.10
0,154,-0.67,-0.09,-0.11,-0.73,0.48,0.12,0.03,-0.87,-0.01,0.86,-0.50,-0.00,101.12
0,159,-0.67,-0.09,-0.11,-0.73,0.48,0.12,0.03,-0.87,-0.01,0.86,-0.50,-0.00,101.11
0,164,-0.67,-0.09,-0.11,-0.73,0.48,0.12,0.03,-0.87,-0.01,0.86,-0.50,-0.00,101.10
0,169,-0.67,-0.09,-0.11,-0.73,0.48,0.12,0.03,-0.87,-0.01,0.86,-0.50,-0.00,101.11
0,174,-0.67,-0.09,-0.11,-0.73,0.48,0.12,0.03,-0.87,-0.01,0.86,-0.50,-0.00,101.10
0,179,-0.67,-0.09,-0.11,-0.73,0.48,0.12,0.03,-0.87,-0.01,0.86,-0.50,-0.00,101.13
0,184,-0.67,-0.09,-0.11,-0.73,0.48,0.12,0.03,-0.87,-0.01,0.86,-0.50,-0.00,101.11
0,189,-0.67,-0.09,-0.11,-0.73,0.48,0.12,0.03,-0.87,-0.01,0.86,-0.50,-0.00,101.13
0,194,-0.67,-0.09,-0.11,-0.73,0.48,0.12,0.03,-0.87,-0.01,0.86,-0.50,-0.00,101.13
0,199,-0.67,-0.09,-0.11,-0.73,0.48,0.12,0.03,-0.87,-0.01,0.86,-0.50,-0.00,101.15
0,204,-0.67,-0.09,-0.11,-0.73,0.48,0.12,0.03,-0.87,-0.01,0.86,-0.50,-0.00,101.13
0,209,-0.67,-0.09,-0.11,-0.73,0.48,0.12,0.03,-0.87,-0.01,0.86,-0.50,-0.00,101.09
0,214,-0.67,-0.09,-0.11,-0.73,0.48,0.12,0.03,-0.87,-0.01,0.86,-0.50,-0.00,101.11
0,219,-0.67,-0.09,-0.11,-0.73,0.48,0.12,0.03,-0.87,-0.01,0.86,-0.50,-0.00,101.13
0,224,-0.67,-0.09,-0.11,-0.73,0.48,0.12,0.03,-0.87,-0.01,0.86,-0.50,-0.00,101.11
0,229,-0.67,-0.09,-0.11,-0.73,0.48,0.12,0.03,-0.87,-0.01,0.86,-0.50,-0.00,101.13
0,234,-0.67,-0.09,-0.11,-0.73,0.48,0.12,0.03,-0.87,-0.01,0.86,-0.50,-0.00,101.10
0,239,-0.67,-0.09,-0.11,-0.73,0.48,0.12,0.03,-0.87,-0.01,0.86,-0.50,-0.00,101.11
0,244,-0.67,-0.09,-0.11,-0.73,0.48,0.12,0.03,-0.87,-0.01,0.86,-0.50,-0.00,101.11
0,249,-0.67,-0.09,-0.11,-0.73,0.48,0.12,0.03,-0.87,-0.01,0.86,-0.50,-0.00,101.11
0,259,-0.67,-0.09,-0.11,-0.73,0.48,0.12,0.03,-0.87,-0.01,0.86,-0.50,-0.00,101.08
0,264,-0.67,-0.09,-0.11,-0.73,0.48,0.12,0.03,-0.87,-0.01,0.86,-0.50,-0.00,101.11
0,269,-0.67,-0.09,-0.11,-0.73,0.48,0.12,0.03,-0.87,-0.01,0.86,-0.50,-0.00,101.09
0,274,-0.67,-0.09,-0.11,-0.73,0.48,0.12,0.03,-0.87,-0.01,0.86,-0.50,-0.00,101.13
0,279,-0.67,-0.09,-0.11,-0.73,0.48,0.12,0.03,-0.87,-0.01,0.86,-0.50,-0.00,101.11
0,284,-0.67,-0.09,-0.11,-0.73,0.48,0.12,0.03,-0.87,-0.01,0.86,-0.50,-0.00,101.11
0,289,-0.67,-0.09,-0.11,-0.73,0.48,0.12,0.03,-0.87,-0.01,0.86,-0.50,-0.00,101.13
0,294,-0.67,-0.09,-0.11,-0.73,0.48,0.12,0.03,-0.87,-0.01,0.86,-0.50,-0.00,101.13
0,304,-0.67,-0.09,-0.11,-0.73,0.48,0.12,0.03,-0.87,-0.01,0.86,-0.50,-0.00,101.09
0,309,-0.67,-0.09,-0.11,-0.73,0.48,0.12,0.03,-0.87,-0.01,0.86,-0.50,-0.00,101.09
0,314,-0.67,-0.09,-0.11,-0.73,0.48,0.12,0.03,-0.87,-0.01,0.86,-0.50,-0.00,101.11
0,319,-0.67,-0.09,-0.11,-0.73,0.48,0.12,0.03,-0.87,-0.01,0.86,-0.50,-0.00,101.09
0,329,-0.67,-0.09,-0.11,-0.73,0.48,0.12,0.03,-0.87,-0.01,0.86,-0.50,-0.00,101.12
0,334,-0.67,-0.09,-0.11,-0.73,0.48,0.12,0.03,-0.87,-0.01,0.86,-0.50,-0.00,101.11
0,339,-0.67,-0.09,-0.11,-0.73,0.48,0.12,0.03,-0.87,-0.01,0.86,-0.50,-0.00,101.11
0,344,-0.67,-0.09,-0.11,-0.73,0.48,0.12,0.03,-0.87,-0.01,0.86,-0.50,-0.00,101.11
0,354,-0.67,-0.09,-0.11,-0.73,0.48,0.12,0.03,-0.87,-0.01,0.86,-0.50,-0.00,101.08
0,359,-0.67,-0.09,-0.11,-0.73,0.48,0.12,0.03,-0.87,-0.01,0.86,-0.50,-0.00,101.12
0,364,-0.67,-0.09,-0.11,-0.73,0.48,0.12,0.03,-0.87,-0.01,0.86,-0.50,-0.00,101.11
0,369,-0.67,-0.09,-0.11,-0.73,0.48,0.12,0.03,-0.87,-0.01,0.86,-0.50,-0.00,101.13
0,379,-0.67,-0.09,-0.11,-0.73,0.48,0.12,0.03,-0.87,-0.01,0.86,-0.50,-0.00,101.14
0,384,-0.67,-0.09,-0.11,-0.73,0.48,0.12,0.03,-0.87,-0.01,0.86,-0.50,-0.00,101.07
0,389,-0.67,-0.09,-0.11,-0.73,0.48,0.12,0.03,-0.87,-0.01,0.86,-0.50,-0.00,101.10
0,394,-0.67,-0.09,-0.11,-0.73,0.48,0.12,0.03,-0.87,-0.01,0.86,-0.50,-0.00,101.12
0,399,-0.67,-0.09,-0.11,-0.73,0.48,0.12,0.03,-0.87,-0.01,0.86,-0.50,-0.00,101.11
0,404,-0.67,-0.09,-0.11,-0.73,0.48,0.12,0.03,-0.87,-0.01,0.86,-0.50,-0.00,101.11
0,409,-0.67,-0.09,-0.11,-0.73,0.48,0.12,0.03,-0.87,-0.01,0.86,-0.50,-0.00,101.14
0,414,-0.67,-0.09,-0.11,-0.73,0.48,0.12,0.03,-0.87,-0.01,0.86,-0.50,-0.00,101.12
0,424,-0.67,-0.09,-0.11,-0.73,0.48,0.12,0.03,-0.87,-0.01,0.86,-0.50,-0.00,101.12
0,429,-0.67,-0.09,-0.11,-0.73,0.48,0.12,0.03,-0.87,-0.01,0.86,-0.50,-0.00,101.12
0,434,-0.67,-0.09,-0.11,-0.73,0.48,0.12,0.03,-0.87,-0.01,0.86,-0.50,-0.00,101.14
0,439,-0.67,-0.09,-0.11,-0.73,0.48,0.12,0.03,-0.87,-0.01,0.86,-0.50,-0.00,101.10
0,449,-0.67,-0.09,-0.11,-0.73,0.48,0.12,0.03,-0.87,-0.01,0.86,-0.50,-0.00,101.10
0,454,-0.67,-0.09,-0.11,-0.73,0.48,0.12,0.03,-0.87,-0.01,0.86,-0.50,-0.00,101.12
0,459,-0.67,-0.09,-0.11,-0.73,0.48,0.12,0.03,-0.87,-0.01,0.86,-0.50,-0.00,101.10
0,464,-0.67,-0.09,-0.11,-0.73,0.48,0.12,0.03,-0.87,-0.01,0.86,-0.50,-0.00,101.10
0,469,-0.67,-0.09,-0.11,-0.73,0.48,0.12,0.03,-0.87,-0.01,0.86,-0.50,-0.00,101.12
0,474,-0.67,-0.09,-0.11,-0.73,0.48,0.12,0.03,-0.87,-0.01,0.86,-0.50,-0.00,101.12
0,479,-0.67,-0.09,-0.11,-0.73,0.48,0.12,0.03,-0.87,-0.01,0.86,-0.50,-0.00,101.12
0,484,-0.67,-0.09,-0.11,-0.73,0.48,0.12,0.03,-0.87,-0.01,0.86,-0.50,-0.00,101.12
0,494,-0.67,-0.09,-0.11,-0.73,0.48,0.12,0.03,-0.87,-0.01,0.86,-0.50,-0.00,101.10
0,499,-0.67,-0.09,-0.11,-0.73,0.48,0.12,0.03,-0.87,-0.01,0.86,-0.50,-0.00,101.12
0,504,-0.67,-0.09,-0.11,-0.73,0.48,0.12,0.03,-0.87,-0.01,0.86,-0.50,-0.00,101.12
0,509,-0.67,-0.09,-0.11,-0.73,0.48,0.12,0.03,-0.87,-0.01,0.86,-0.50,-0.00,101.14
0,519,-0.67,-0.09,-0.11,-0.73,0.48,0.12,0.03,-0.87,-0.01,0.86,-0.50,-0.00,101.12
0,524,-0.67,-0.09,-0.11,-0.73,0.48,0.12,0.03,-0.87,-0.01,0.86,-0.50,-0.00,101.12
0,529,-0.67,-0.09,-0.11,-0.73,0.48,0.12,0.03,-0.87,-0.01,0.86,-0.50,-0.00,101.12
0,534,-0.67,-0.09,-0.11,-0.73,0.48,0.12,0.03,-0.87,-0.01,0.86,-0.50,-0.00,101.10
0,544,-0.67,-0.09,-0.11,-0.73,0.48,0.12,0.03,-0.87,-0.01,0.86,-0.50,-0.00,101.12
0,549,-0.67,-0.09,-0.11,-0.73,0.48,0.12,0.03,-0.87,-0.01,0.86,-0.50,-0.00,101.12
0,554,-0.67,-0.09,-0.11,-0.73,0.48,0.12,0.03,-0.87,-0.01,0.86,-0.50,-0.00,101.10
0,559,-0.67,-0.09,-0.11,-0.73,0.48,0.12,0.03,-0.87,-0.01,0.86,-0.50,-0.00,101.10
0,569,-0.67,-0.09,-0.11,-0.73,0.48,0.12,0.03,-0.87,-0.01,0.86,-0.50,-0.00,101.12
0,574,-0.67,-0.09,-0.11,-0.73,0.48,0.12,0.03,-0.87,-0.01,0.86,-0.50,-0.00,101.10
0,579,-0.67,-0.09,-0.11,-0.73,0.48,0.12,0.03,-0.87,-0.01,0.86,-0.50,-0.00,101.10
0,584,-0.67,-0.09,-0.11,-0.73,0.48,0.12,0.03,-0.87,-0.01,0.86,-0.50,-0.00,101.10
0,594,-0.67,-0.09,-0.11,-0.73,0.48,0.12,0.03,-0.87,-0.01,0.86,-0.50,-0.00,101.10
0,599,-0.67,-0.09,-0.11,-0.73,0.48,0.12,0.03,-0.87,-0.01,0.86,-0.50,-0.00,101.12
0,604,-0.67,-0.09,-0.11,-0.73,0.48,0.12,0.03,-0.87,-0.01,0.86,-0.50,-0.00,101.12
0,609,-0.67,-0.09,-0.11,-0.73,0.48,0.12,0.03,-0.87,-0.01,0.86,-0.50,-0.00,101.10
0,619,-0.67,-0.09,-0.11,-0.73,0.48,0.12,0.03,-0.87,-0.01,0.86,-0.50,-0.00,101.11
0,624,-0.67,-0.09,-0.11,-0.73,0.48,0.12,0.03,-0.87,-0.01,0.86,-0.50,-0.00,101.12
0,629,-0.67,-0.09,-0.11,-0.73,0.48,0.12,0.03,-0.87,-0.01,0.86,-0.50,-0.00,101.12
0,634,-0.67,-0.09,-0.11,-0.73,0.49,0.12,0.03,-0.87,-0.01,0.86,-0.50,-0.00,101.11
0,644,-0.67,-0.09,-0.11,-0.73,0.49,0.12,0.03,-0.87,-0.01,0.86,-0.50,-0.00,101.10
0,649,-0.67,-0.09,-0.11,-0.73,0.49,0.12,0.03,-0.87,-0.01,0.86,-0.50,-0.00,101.10
0,654,-0.67,-0.09,-0.11,-0.73,0.49,0.12,0.03,-0.87,-0.01,0.86,-0.50,-0.00,101.11
0,659,-0.67,-0.09,-0.11,-0.73,0.49,0.12,0.03,-0.87,-0.01,0.86,-0.50,-0.00,101.12
0,669,-0.67,-0.09,-0.11,-0.73,0.49,0.12,0.03,-0.87,-0.01,0.86,-0.50,-0.00,101.10
0,674,-0.67,-0.09,-0.11,-0.73,0.49,0.12,0.03,-0.87,-0.01,0.86,-0.50,-0.00,101.12
0,679,-0.67,-0.09,-0.11,-0.73,0.49,0.12,0.03,-0.87,-0.01,0.86,-0.50,-0.00,101.12
0,684,-0.67,-0.09,-0.11,-0.73,0.49,0.12,0.03,-0.87,-0.01,0.86,-0.50,-0.00,101.12
0,694,-0.67,-0.09,-0.11,-0.73,0.49,0.12,0.03,-0.87,-0.01,0.86,-0.50,-0.00,101.12
0,699,-0.67,-0.09,-0.11,-0.73,0.49,0.12,0.03,-0.87,-0.01,0.86,-0.50,-0.00,101.14
0,704,-0.67,-0.09,-0.11,-0.73,0.49,0.12,0.03,-0.87,-0.01,0.86,-0.50,-0.00,101.11
0,709,-0.67,-0.09,-0.11,-0.73,0.49,0.12,0.03,-0.87,-0.01,0.86,-0.50,-0.00,101.10
0,714,-0.67,-0.09,-0.11,-0.73,0.49,0.12,0.03,-0.87,-0.01,0.86,-0.50,-0.00,101.10
0,719,-0.67,-0.09,-0.11,-0.73,0.49,0.12,0.03,-0.87,-0.01,0.86,-0.50,-0.00,101.10
0,724,-0.67,-0.09,-0.11,-0.73,0.49,0.12,0.03,-0.87,-0.01,0.86,-0.50,-0.00,101.10
0,729,-0.67,-0.09,-0.11,-0.73,0.49,0.12,0.03,-0.87,-0.01,0.86,-0.50,-0.00,101.13
0,739,-0.67,-0.09,-0.11,-0.73,0.49,0.12,0.03,-0.87,-0.01,0.86,-0.50,-0.00,101.12
0,744,-0.67,-0.09,-0.11,-0.73,0.49,0.12,0.03,-0.87,-0.01,0.86,-0.50,-0.00,101.12
0,749,-0.67,-0.09,-0.11,-0.73,0.49,0.12,0.03,-0.86,-0.01,0.86,-0.50,-0.00,101.12
0,754,-0.67,-0.09,-0.11,-0.73,0.49,0.12,0.03,-0.86,-0.01,0.86,-0.50,-0.00,101.11
0,759,-0.67,-0.09,-0.11,-0.73,0.49,0.12,0.03,-0.86,-0.01,0.86,-0.50,-0.00,101.08
0,764,-0.67,-0.09,-0.11,-0.73,0.49,0.12,0.03,-0.86,-0.01,0.86,-0.50,-0.00,101.08
0,769,-0.67,-0.09,-0.11,-0.73,0.49,0.12,0.03,-0.86,-0.01,0.86,-0.50,-0.00,101.11
0,774,-0.67,-0.09,-0.11,-0.73,0.49,0.12,0.03,-0.86,-0.01,0.86,-0.50,-0.00,101.11
0,784,-0.67,-0.09,-0.11,-0.73,0.49,0.12,0.03,-0.86,-0.01,0.86,-0.50,-0.00,101.11
0,789,-0.67,-0.09,-0.11,-0.73,0.49,0.12,0.03,-0.86,-0.01,0.86,-0.50,-0.00,101.13
0,794,-0.67,-0.09,-0.11,-0.73,0.49,0.12,0.03,-0.86,-0.01,0.86,-0.50,-0.00,101.11
0,799,-0.67,-0.09,-0.11,-0.73,0.49,0.12,0.03,-0.86,-0.01,0.86,-0.50,-0.00,101.14
0,804,-0.67,-0.09,-0.11,-0.73,0.49,0.12,0.03,-0.87,-0.01,0.86,-0.50,-0.00,101.12
0,809,-0.67,-0.09,-0.11,-0.73,0.49,0.12,0.03,-0.87,-0.01,0.86,-0.50,-0.00,101.11
0,814,-0.67,-0.09,-0.11,-0.73,0.49,0.12,0.03,-0.87,-0.01,0.86,-0.50,-0.00,101.12
0,819,-0.67,-0.09,-0.11,-0.73,0.49,0.12,0.03,-0.87,-0.01,0.86,-0.50,-0.00,101.11
0,829,-0.67,-0.09,-0.11,-0.73,0.49,0.12,0.03,-0.87,-0.01,0.86,-0.50,-0.00,101.11
0,834,-0.67,-0.09,-0.11,-0.73,0.49,0.12,0.03,-0.87,-0.01,0.86,-0.50,-0.00,101.10
0,839,-0.67,-0.09,-0.11,-0.73,0.49,0.12,0.03,-0.87,-0.01,0.86,-0.50,-0.00,101.11
0,844,-0.67,-0.09,-0.11,-0.73,0.49,0.12,0.03,-0.87,-0.01,0.86,-0.50,-0.00,101.11
0,854,-0.67,-0.09,-0.11,-0.73,0.49,0.12,0.03,-0.87,-0.01,0.86,-0.50,-0.00,101.11
0,859,-0.67,-0.09,-0.11,-0.73,0.49,0.12,0.03,-0.87,-0.01,0.86,-0.50,-0.00,101.11
0,864,-0.67,-0.09,-0.11,-0.73,0.49,0.12,0.03,-0.87,-0.01,0.86,-0.50,-0.00,101.12
0,869,-0.67,-0.09,-0.11,-0.73,0.49,0.12,0.03,-0.87,-0.01,0.86,-0.50,-0.00,101.11
0,879,-0.67,-0.09,-0.11,-0.73,0.49,0.12,0.03,-0.87,-0.01,0.86,-0.50,-0.00,101.11
0,884,-0.67,-0.09,-0.11,-0.73,0.49,0.12,0.03,-0.87,-0.01,0.86,-0.50,-0.00,101.11
0,889,-0.67,-0.09,-0.11,-0.73,0.49,0.12,0.03,-0.87,-0.01,0.86,-0.50,-0.00,101.13
0,894,-0.67,-0.09,-0.11,-0.73,0.49,0.12,0.03,-0.87,-0.01,0.86,-0.50,-0.00,101.08
0,904,-0.67,-0.09,-0.11,-0.73,0.49,0.12,0.03,-0.87,-0.01,0.86,-0.50,-0.00,101.12
0,909,-0.67,-0.09,-0.11,-0.73,0.49,0.12,0.03,-0.87,-0.01,0.86,-0.50,-0.00,101.11
0,914,-0.67,-0.09,-0.11,-0.73,0.49,0.12,0.03,-0.87,-0.01,0.86,-0.50,-0.00,101.11
0,919,-0.67,-0.09,-0.11,-0.73,0.49,0.12,0.03,-0.87,-0.01,0.86,-0.50,-0.00,101.11
0,924,-0.67,-0.09,-0.11,-0.73,0.49,0.12,0.03,-0.87,-0.01,0.86,-0.50,-0.00,101.11
0,929,-0.67,-0.09,-0.11,-0.73,0.49,0.12,0.03,-0.87,-0.01,0.86,-0.50,-0.00,101.11
0,934,-0.67,-0.09,-0.11,-0.73,0.49,0.12,0.03,-0.87,-0.01,0.86,-0.50,-0.00,101.13
0,939,-0.67,-0.09,-0.11,-0.73,0.49,0.12,0.03,-0.87,-0.01,0.86,-0.50,-0.00,101.11
0,954,-0.67,-0.09,-0.11,-0.73,0.49,0.12,0.03,-0.87,-0.01,0.86,-0.50,-0.00,101.11
0,959,-0.67,-0.09,-0.11,-0.73,0.49,0.12,0.03,-0.87,-0.01,0.86,-0.50,-0.00,101.08
0,964,-0.67,-0.09,-0.11,-0.73,0.49,0.12,0.03,-0.87,-0.01,0.86,-0.50,-0.00,101.09
0,974,-0.67,-0.09,-0.11,-0.73,0.49,0.12,0.03,-0.87,-0.01,0.86,-0.50,-0.00,101.11
0,984,-0.67,-0.09,-0.11,-0.73,0.49,0.12,0.03,-0.87,-0.01,0.86,-0.50,-0.00,101.12
0,989,-0.67,-0.09,-0.11,-0.73,0.49,0.12,0.03,-0.87,-0.01,0.86,-0.50,-0.00,101.11
0,994,-0.67,-0.09,-0.11,-0.73,0.49,0.12,0.03,-0.87,-0.01,0.86,-0.50,-0.00,101.11
0,1009,-0.67,-0.09,-0.11,-0.73,0.49,0.12,0.03,-0.87,-0.01,0.86,-0.50,-0.00,101.08
0,1014,-0.67,-0.09,-0.11,-0.73,0.49,0.12,0.03,-0.87,-0.01,0.86,-0.50,-0.00,101.11
0,1019,-0.67,-0.09,-0.11,-0.73,0.49,0.12,0.03,-0.87,-0.01,0.86,-0.50,-0.00,101.13
0,1024,-0.67,-0.09,-0.11,-0.73,0.49,0.12,0.03,-0.87,-0.01,0.86,-0.50,-0.00,101.07
0,1029,-0.67,-0.09,-0.11,-0.73,0.49,0.12,0.03,-0.87,-0.01,0.86,-0.50,-0.00,101.11
0,1039,-0.67,-0.09,-0.11,-0.73,0.49,0.12,0.03,-0.87,-0.01,0.86,-0.50,-0.00,101.13
0,1044,-0.67,-0.09,-0.11,-0.73,0.49,0.12,0.03,-0.87,-0.01,0.86,-0.50,-0.00,101.11
0,1049,-0.67,-0.09,-0.11,-0.73,0.49,0.12,0.03,-0.87,-0.01,0.86,-0.50,-0.00,101.11
0,1054,-0.67,-0.09,-0.11,-0.73,0.49,0.12,0.03,-0.87,-0.01,0.86,-0.50,-0.00,101.12
0,1064,-0.67,-0.09,-0.11,-0.73,0.49,0.12,0.03,-0.87,-0.01,0.86,-0.50,-0.00,101.11
0,1069,-0.67,-0.09,-0.11,-0.73,0.49,0.12,0.03,-0.87,-0.01,0.86,-0.50,-0.00,101.11
0,1074,-0.67,-0.09,-0.11,-0.73,0.49,0.12,0.03,-0.87,-0.01,0.86,-0.50,-0.00,101.10
0,1079,-0.67,-0.09,-0.11,-0.73,0.49,0.12,0.03,-0.87,-0.01,0.86,-0.50,-0.00,101.13
0,1089,-0.67,-0.09,-0.11,-0.73,0.49,0.12,0.03,-0.87,-0.01,0.86,-0.50,-0.00,101.11
0,1094,-0.67,-0.09,-0.11,-0.73,0.49,0.12,0.03,-0.87,-0.01,0.86,-0.50,-0.00,101.11
0,1099,-0.67,-0.09,-0.11,-0.73,0.49,0.12,0.03,-0.87,-0.01,0.86,-0.50,-0.00,101.12
0,1104,-0.67,-0.09,-0.11,-0.73,0.49,0.12,0.03,-0.87,-0.01,0.86,-0.50,-0.00,101.08
0,1119,-0.67,-0.09,-0.11,-0.73,0.49,0.12,0.03,-0.87,-0.01,0.86,-0.50,-0.00,101.11
0,1124,-0.67,-0.09,-0.11,-0.73,0.49,0.12,0.03,-0.87,-0.01,0.86,-0.50,-0.00,101.11
0,1129,-0.67,-0.09,-0.11,-0.73,0.49,0.12,0.03,-0.87,-0.01,0.86,-0.50,-0.00,101.11
0,1139,-0.67,-0.09,-0.11,-0.73,0.49,0.12,0.03,-0.87,-0.01,0.86,-0.50,-0.00,101.12
0,1149,-0.67,-0.09,-0.11,-0.73,0.49,0.12,0.03,-0.87,-0.01,0.86,-0.50,-0.00,101.11
0,1154,-0.67,-0.09,-0.11,-0.73,0.49,0.12,0.03,-0.87,-0.01,0.86,-0.50,-0.00,101.12
0,1159,-0.67,-0.09,-0.11,-0.73,0.49,0.12,0.03,-0.87,-0.01,0.86,-0.50,-0.00,101.11
0,1164,-0.67,-0.09,-0.11,-0.73,0.49,0.12,0.03,-0.87,-0.01,0.86,-0.50,-0.00,101.08
0,1179,-0.67,-0.09,-0.11,-0.73,0.49,0.12,0.03,-0.87,-0.01,0.86,-0.50,-0.00,101.13
0,1184,-0.67,-0.09,-0.11,-0.73,0.49,0.12,0.03,-0.87,-0.01,0.86,-0.50,-0.00,101.08
0,1189,-0.67,-0.09,-0.11,-0.73,0.49,0.12,0.03,-0.87,-0.01,0.86,-0.50,-0.00,101.11
0,1194,-0.67,-0.09,-0.11,-0.73,0.49,0.12,0.03,-0.87,-0.01,0.86,-0.50,-0.00,101.11
0,1199,-0.67,-0.09,-0.11,-0.73,0.49,0.12,0.03,-0.87,-0.01,0.86,-0.50,-0.00,101.09
0,1204,-0.67,-0.09,-0.11,-0.73,0.49,0.12,0.03,-0.87,-0.01,0.86,-0.50,-0.00,101.12
0,1209,-0.67,-0.09,-0.11,-0.73,0.49,0.12,0.03,-0.87,-0.01,0.86,-0.50,-0.00,101.11
0,1214,-0.67,-0.09,-0.11,-0.73,0.49,0.12,0.03,-0.87,-0.01,0.86,-0.50,-0.00,101.11
0,1234,-0.67,-0.09,-0.11,-0.73,0.49,0.12,0.03,-0.87,-0.01,0.86,-0.50,-0.00,101.11
0,1239,-0.67,-0.09,-0.11,-0.73,0.49,0.12,0.03,-0.87,-0.01,0.86,-0.50,-0.00,101.11
0,1244,-0.67,-0.09,-0.11,-0.73,0.49,0.12,0.03,-0.87,-0.01,0.86,-0.50,-0.00,101.12
0,1249,-0.67,-0.09,-0.11,-0.73,0.49,0.12,0.03,-0.87,-0.01,0.86,-0.50,-0.00,101.12
0,1264,-0.67,-0.09,-0.11,-0.73,0.49,0.12,0.03,-0.87,-0.01,0.86,-0.50,-0.00,101.11
0,1269,-0.67,-0.09,-0.11,-0.73,0.49,0.12,0.03,-0.87,-0.01,0.86,-0.50,-0.00,101.12
0,1274,-0.67,-0.09,-0.11,-0.73,0.49,0.12,0.03,-0.87,-0.01,0.86,-0.50,-0.00,101.11
0,1279,-0.67,-0.09,-0.11,-0.73,0.49,0.12,0.03,-0.87,-0.01,0.86,-0.50,-0.00,101.11
0,1294,-0.67,-0.09,-0.11,-0.73,0.49,0.12,0.03,-0.87,-0.01,0.86,-0.50,-0.00,101.11
0,1299,-0.67,-0.09,-0.11,-0.73,0.49,0.12,0.03,-0.87,-0.01,0.86,-0.50,-0.00,101.12
0,1304,-0.67,-0.09,-0.11,-0.73,0.49,0.12,0.03,-0.87,-0.01,0.86,-0.50,-0.00,101.08
0,1309,-0.67,-0.08,-0.11,-0.73,0.49,0.12,0.03,-0.87,-0.01,0.86,-0.50,-0.00,101.11
0,1324,-0.67,-0.08,-0.11,-0.73,0.49,0.12,0.03,-0.87,-0.01,0.86,-0.50,-0.00,101.13
0,1329,-0.67,-0.08,-0.11,-0.73,0.49,0.12,0.03,-0.87,-0.01,0.86,-0.50,-0.00,101.13
0,1334,-0.67,-0.08,-0.11,-0.73,0.49,0.12,0.03,-0.87,-0.01,0.86,-0.50,-0.00,101.11
0,1339,-0.67,-0.08,-0.11,-0.73,0.49,0.12,0.03,-0.87,-0.01,0.86,-0.50,-0.00,101.11
0,1349,-0.67,-0.08,-0.11,-0.73,0.49,0.12,0.03,-0.87,-0.01,0.86,-0.50,-0.00,101.12
0,1354,-0.67,-0.08,-0.11,-0.73,0.49,0.12,0.03,-0.87,-0.01,0.86,-0.50,-0.00,101.10
0,1359,-0.67,-0.08,-0.11,-0.73,0.49,0.12,0.03,-0.87,-0.01,0.86,-0.50,-0.00,101.11
0,1364,-0.67,-0.08,-0.11,-0.73,0.49,0.12,0.03,-0.87,-0.01,0.86,-0.50,-0.00,101.10
0,1399,-0.67,-0.08,-0.11,-0.73,0.49,0.12,0.03,-0.87,-0.01,0.86,-0.50,-0.00,101.13
0,1404,-0.67,-0.08,-0.11,-0.73,0.49,0.12,0.03,-0.87,-0.01,0.86,-0.50,-0.00,101.12
0,1409,-0.67,-0.08,-0.11,-0.73,0.49,0.12,0.03,-0.87,-0.01,0.86,-0.50,-0.00,101.11
0,1419,-0.67,-0.08,-0.11,-0.73,0.49,0.12,0.03,-0.87,-0.01,0.86,-0.50,-0.00,101.11
0,1424,-0.67,-0.08,-0.11,-0.73,0.49,0.12,0.03,-0.87,-0.01,0.86,-0.50,-0.00,101.13
0,1429,-0.67,-0.08,-0.11,-0.73,0.49,0.12,0.03,-0.87,-0.01,0.86,-0.50,-0.00,101.11
0,1434,-0.67,-0.08,-0.11,-0.73,0.49,0.12,0.03,-0.87,-0.01,0.86,-0.50,-0.00,101.11
0,1439,-0.67,-0.08,-0.11,-0.73,0.49,0.12,0.03,-0.87,-0.01,0.86,-0.50,-0.00,101.12
0,1444,-0.67,-0.08,-0.11,-0.73,0.49,0.12,0.03,-0.87,-0.01,0.86,-0.50,-0.00,101.11
0,1449,-0.67,-0.08,-0.11,-0.73,0.49,0.12,0.03,-0.87,-0.01,0.86,-0.50,-0.00,101.13
0,1454,-0.67,-0.08,-0.11,-0.73,0.49,0.12,0.03,-0.87,-0.01,0.86,-0.50,-0.00,101.11
0,1464,-0.67,-0.08,-0.11,-0.73,0.49,0.12,0.03,-0.87,-0.01,0.86,-0.50,-0.00,101.11
0,1469,-0.67,-0.08,-0.11,-0.73,0.49,0.12,0.03,-0.87,-0.01,0.86,-0.50,-0.00,101.11
0,1474,-0.67,-0.08,-0.11,-0.73,0.49,0.12,0.03,-0.87,-0.01,0.86,-0.50,-0.00,101.11
0,1479,-0.67,-0.08,-0.11,-0.73,0.49,0.12,0.03,-0.87,-0.01,0.86,-0.50,-0.00,101.11
0,1494,-0.67,-0.08,-0.11,-0.73,0.49,0.12,0.03,-0.87,-0.01,0.86,-0.50,-0.00,101.11
0,1499,-0.67,-0.08,-0.11,-0.73,0.49,0.12,0.03,-0.87,-0.01,0.86,-0.50,-0.00,101.09
0,1504,-0.67,-0.08,-0.11,-0.73,0.49,0.12,0.03,-0.87,-0.01,0.86,-0.50,-0.00,101.09
0,1514,-0.67,-0.08,-0.10,-0.73,0.49,0.12,0.03,-0.87,-0.01,0.86,-0.50,-0.00,101.11
0,1524,-0.67,-0.08,-0.10,-0.73,0.49,0.12,0.03,-0.87,-0.01,0.86,-0.50,-0.00,101.13
0,1529,-0.67,-0.08,-0.10,-0.73,0.49,0.12,0.03,-0.87,-0.01,0.86,-0.50,-0.00,101.13
0,1534,-0.67,-0.08,-0.10,-0.73,0.49,0.12,0.03,-0.87,-0.01,0.86,-0.50,-0.00,101.08
0,1539,-0.67,-0.08,-0.10,-0.73,0.49,0.12,0.03,-0.87,-0.01,0.86,-0.50,-0.00,101.08
0,1549,-0.67,-0.08,-0.10,-0.73,0.49,0.12,0.03,-0.87,-0.01,0.86,-0.50,-0.00,101.13
0,1554,-0.67,-0.08,-0.10,-0.73,0.49,0.12,0.03,-0.87,-0.01,0.86,-0.50,-0.00,101.12
0,1559,-0.67,-0.08,-0.10,-0.73,0.49,0.12,0.03,-0.87,-0.01,0.86,-0.50,-0.00,101.11
0,1564,-0.67,-0.08,-0.10,-0.73,0.49,0.12,0.03,-0.87,-0.01,0.86,-0.50,-0.00,101.07
0,1579,-0.67,-0.09,-0.11,-0.73,0.49,0.12,0.03,-0.87,-0.01,0.86,-0.50,-0.00,101.11
0,1584,-0.67,-0.09,-0.11,-0.73,0.49,0.12,0.03,-0.87,-0.01,0.86,-0.50,-0.00,101.11
0,1599,-0.67,-0.09,-0.11,-0.73,0.49,0.12,0.03,-0.87,-0.01,0.86,-0.50,-0.00,101.11
0,1609,-0.67,-0.08,-0.10,-0.73,0.49,0.12,0.03,-0.87,-0.01,0.86,-0.50,-0.00,101.08
0,1614,-0.68,-0.08,-0.10,-0.73,0.49,0.12,0.03,-0.87,-0.01,0.86,-0.50,-0.00,101.13
0,1619,-0.68,-0.08,-0.11,-0.72,0.49,0.12,0.03,-0.87,-0.01,0.86,-0.50,-0.00,101.08
0,1624,-0.68,-0.09,-0.11,-0.72,0.49,0.12,0.03,-0.87,-0.01,0.86,-0.50,-0.00,101.11
0,1629,-0.68,-0.09,-0.11,-0.72,0.49,0.12,0.03,-0.87,-0.01,0.86,-0.50,-0.00,101.15
0,1639,-0.68,-0.09,-0.11,-0.72,0.49,0.12,0.03,-0.87,-0.01,0.86,-0.50,-0.00,101.11
0,1644,-0.68,-0.09,-0.11,-0.72,0.49,0.12,0.03,-0.87,-0.01,0.86,-0.50,-0.00,101.11
0,1649,-0.68,-0.09,-0.11,-0.72,0.49,0.12,0.03,-0.87,-0.01,0.86,-0.50,-0.00,101.11
0,1654,-0.68,-0.09,-0.12,-0.72,0.49,0.12,0.03,-0.87,-0.01,0.86,-0.50,-0.00,101.09
0,1664,-0.68,-0.09,-0.12,-0.71,0.49,0.12,0.03,-0.86,-0.01,0.86,-0.50,-0.00,101.15
0,1669,-0.68,-0.09,-0.13,-0.71,0.49,0.12,0.03,-0.86,-0.01,0.86,-0.50,-0.00,101.11
0,1679,-0.69,-0.09,-0.13,-0.71,0.49,0.12,0.03,-0.86,-0.01,0.86,-0.50,-0.00,101.11
0,1689,-0.69,-0.10,-0.13,-0.70,0.49,0.12,0.03,-0.86,-0.01,0.86,-0.50,-0.00,101.11
0,1699,-0.70,-0.10,-0.14,-0.70,0.49,0.12,0.03,-0.86,-0.01,0.86,-0.50,-0.00,101.11
0,1704,-0.70,-0.10,-0.13,-0.69,0.49,0.12,0.03,-0.86,-0.01,0.86,-0.50,-0.00,101.11
0,1709,-0.70,-0.10,-0.13,-0.69,0.49,0.12,0.03,-0.86,-0.01,0.86,-0.50,-0.00,101.10
0,1714,-0.71,-0.10,-0.13,-0.69,0.49,0.12,0.03,-0.86,-0.01,0.86,-0.50,-0.00,101.11
0,1724,-0.71,-0.11,-0.14,-0.68,0.49,0.12,0.03,-0.86,-0.01,0.86,-0.50,-0.00,101.11
0,1729,-0.71,-0.11,-0.14,-0.68,0.49,0.12,0.03,-0.86,-0.01,0.86,-0.50,-0.00,101.11
0,1739,-0.72,-0.12,-0.14,-0.67,0.49,0.12,0.03,-0.86,-0.01,0.86,-0.50,-0.00,101.09
0,1744,-0.72,-0.13,-0.14,-0.67,0.49,0.12,0.03,-0.86,-0.01,0.86,-0.50,-0.00,101.11
0,1754,-0.72,-0.13,-0.14,-0.66,0.49,0.12,0.03,-0.86,-0.01,0.86,-0.50,-0.00,101.11
0,1759,-0.72,-0.14,-0.14,-0.66,0.49,0.12,0.03,-0.86,-0.01,0.86,-0.50,-0.00,101.09
0,1764,-0.73,-0.14,-0.15,-0.66,0.49,0.12,0.03,-0.86,-0.01,0.86,-0.50,-0.00,101.11
0,1774,-0.73,-0.14,-0.15,-0.65,0.49,0.12,0.03,-0.86,-0.01,0.86,-0.50,-0.00,101.11
0,1784,-0.73,-0.15,-0.15,-0.65,0.49,0.12,0.03,-0.86,-0.01,0.86,-0.50,-0.00,101.13
0,1789,-0.73,-0.15,-0.15,-0.65,0.49,0.12,0.03,-0.86,-0.01,0.86,-0.50,-0.00,101.11
0,1799,-0.73,-0.15,-0.15,-0.65,0.49,0.12,0.03,-0.86,-0.01,0.86,-0.50,-0.00,101.11
0,1804,-0.73,-0.15,-0.15,-0.65,0.49,0.12,0.03,-0.86,-0.01,0.86,-0.50,-0.00,101.12
0,1814,-0.73,-0.15,-0.16,-0.64,0.49,0.12,0.03,-0.86,-0.01,0.86,-0.50,-0.00,101.11
0,1824,-0.73,-0.15,-0.16,-0.64,0.49,0.12,0.03,-0.87,-0.01,0.86,-0.50,-0.00,101.11
0,1829,-0.73,-0.15,-0.16,-0.64,0.49,0.12,0.03,-0.87,-0.01,0.86,-0.50,-0.00,101.11
0,1834,-0.73,-0.15,-0.17,-0.64,0.49,0.12,0.03,-0.87,-0.01,0.86,-0.50,-0.00,101.11
0,1844,-0.74,-0.16,-0.17,-0.63,0.49,0.12,0.03,-0.87,-0.01,0.86,-0.50,-0.00,101.11
0,1849,-0.74,-0.16,-0.18,-0.63,0.49,0.12,0.03,-0.87,-0.01,0.86,-0.50,-0.00,101.13
0,1854,-0.74,-0.16,-0.18,-0.63,0.49,0.12,0.03,-0.87,-0.01,0.86,-0.50,-0.00,101.11
0,1859,-0.74,-0.16,-0.19,-0.63,0.49,0.12,0.03,-0.87,-0.01,0.86,-0.50,-0.00,101.08
0,1869,-0.74,-0.16,-0.19,-0.62,0.49,0.12,0.03,-0.87,-0.01,0.86,-0.50,-0.00,101.13
0,1884,-0.74,-0.17,-0.20,-0.62,0.49,0.12,0.03,-0.86,-0.01,0.86,-0.50,-0.00,101.09
0,1889,-0.74,-0.17,-0.21,-0.61,0.49,0.12,0.03,-0.86,-0.01,0.86,-0.50,-0.00,101.13
0,1894,-0.74,-0.18,-0.21,-0.61,0.49,0.12,0.03,-0.86,-0.01,0.86,-0.50,-0.00,101.09
0,1899,-0.74,-0.18,-0.21,-0.61,0.49,0.12,0.03,-0.86,-0.01,0.86,-0.50,-0.00,101.11
0,1904,-0.74,-0.18,-0.21,-0.61,0.49,0.12,0.03,-0.86,-0.01,0.86,-0.50,-0.00,101.11
0,1909,-0.74,-0.19,-0.22,-0.61,0.49,0.12,0.03,-0.86,-0.01,0.86,-0.50,-0.00,101.09
0,1914,-0.74,-0.19,-0.22,-0.61,0.49,0.12,0.03,-0.86,-0.01,0.86,-0.50,-0.00,101.11
0,1919,-0.74,-0.19,-0.22,-0.60,0.49,0.12,0.03,-0.86,-0.01,0.86,-0.50,-0.00,101.11
0,1924,-0.74,-0.19,-0.22,-0.60,0.49,0.12,0.03,-0.86,-0.01,0.86,-0.50,-0.00,101.11
0,1929,-0.74,-0.20,-0.22,-0.60,0.49,0.12,0.03,-0.86,-0.01,0.86,-0.50,-0.00,101.11
0,1939,-0.74,-0.20,-0.21,-0.60,0.49,0.12,0.03,-0.86,-0.01,0.86,-0.50,-0.00,101.11
0,1944,-0.74,-0.21,-0.21,-0.60,0.49,0.12,0.03,-0.86,-0.01,0.86,-0.50,-0.00,101.11
0,1949,-0.74,-0.21,-0.21,-0.60,0.49,0.12,0.03,-0.86,-0.01,0.86,-0.50,-0.00,101.11
0,1954,-0.74,-0.21,-0.21,-0.60,0.49,0.12,0.03,-0.86,-0.01,0.86,-0.50,-0.00,101.13
0,1964,-0.74,-0.21,-0.21,-0.60,0.49,0.12,0.03,-0.86,-0.01,0.86,-0.50,-0.00,101.11
0,1974,-0.74,-0.22,-0.21,-0.60,0.49,0.12,0.03,-0.86,-0.01,0.86,-0.50,-0.00,101.11
0,1979,-0.74,-0.22,-0.21,-0.60,0.49,0.12,0.03,-0.86,-0.01,0.86,-0.50,-0.00,101.11
0,1984,-0.74,-0.22,-0.21,-0.60,0.49,0.12,0.03,-0.86,-0.01,0.86,-0.50,-0.00,101.09
0,1999,-0.74,-0.22,-0.21,-0.59,0.49,0.12,0.03,-0.86,-0.01,0.86,-0.50,-0.00,101.13
0,2004,-0.74,-0.23,-0.21,-0.59,0.49,0.12,0.03,-0.86,-0.01,0.86,-0.50,-0.00,101.13
0,2009,-0.74,-0.23,-0.22,-0.59,0.49,0.12,0.03,-0.86,-0.01,0.86,-0.50,-0.00,101.09
0,2014,-0.74,-0.23,-0.22,-0.59,0.49,0.12,0.03,-0.86,-0.01,0.86,-0.50,-0.00,101.13
0,2029,-0.74,-0.24,-0.22,-0.59,0.49,0.12,0.03,-0.86,-0.01,0.86,-0.50,-0.00,101.11
0,2034,-0.74,-0.24,-0.22,-0.59,0.49,0.12,0.03,-0.86,-0.01,0.86,-0.50,-0.00,101.09
0,2039,-0.74,-0.24,-0.22,-0.59,0.49,0.12,0.03,-0.86,-0.01,0.86,-0.50,-0.00,101.13
0,2044,-0.74,-0.24,-0.21,-0.58,0.49,0.12,0.03,-0.86,-0.01,0.86,-0.50,-0.00,101.11
0,2049,-0.74,-0.24,-0.21,-0.58,0.49,0.12,0.03,-0.86,-0.01,0.86,-0.50,-0.00,101.11
0,2054,-0.74,-0.25,-0.21,-0.58,0.49,0.12,0.03,-0.86,-0.01,0.86,-0.50,-0.00,101.13
0,2059,-0.74,-0.25,-0.22,-0.58,0.49,0.12,0.03,-0.86,-0.01,0.86,-0.50,-0.00,101.09
0,2064,-0.74,-0.25,-0.22,-0.58,0.49,0.12,0.03,-0.86,-0.01,0.86,-0.50,-0.00,101.11
0,2069,-0.74,-0.25,-0.22,-0.58,0.49,0.12,0.03,-0.86,-0.01,0.86,-0.50,-0.00,101.11
0,2084,-0.74,-0.25,-0.22,-0.58,0.49,0.12,0.03,-0.86,-0.01,0.86,-0.50,-0.00,101.11
0,2089,-0.74,-0.25,-0.22,-0.58,0.49,0.12,0.03,-0.86,-0.01,0.86,-0.50,-0.00,101.11
0,2099,-0.74,-0.25,-0.22,-0.58,0.49,0.12,0.03,-0.86,-0.01,0.86,-0.50,-0.00,101.13
0,2104,-0.74,-0.25,-0.22,-0.58,0.49,0.12,0.03,-0.86,-0.01,0.86,-0.50,-0.00,101.11
0,2109,-0.74,-0.25,-0.22,-0.58,0.49,0.12,0.03,-0.86,-0.01,0.86,-0.50,-0.00,101.13
0,2114,-0.74,-0.25,-0.22,-0.58,0.49,0.12,0.03,-0.86,-0.01,0.86,-0.50,-0.00,101.11
0,2129,-0.74,-0.25,-0.22,-0.58,0.49,0.12,0.03,-0.86,-0.01,0.86,-0.50,-0.00,101.11
0,2134,-0.74,-0.25,-0.22,-0.58,0.49,0.12,0.03,-0.86,-0.01,0.86,-0.50,-0.00,101.11
0,2139,-0.74,-0.25,-0.22,-0.58,0.49,0.12,0.03,-0.86,-0.01,0.86,-0.50,-0.00,101.13
0,2144,-0.74,-0.25,-0.22,-0.58,0.49,0.12,0.03,-0.86,-0.01,0.86,-0.50,-0.00,101.08
0,2159,-0.74,-0.25,-0.22,-0.58,0.49,0.12,0.03,-0.86,-0.01,0.86,-0.50,-0.00,101.11
0,2164,-0.74,-0.25,-0.22,-0.58,0.49,0.12,0.03,-0.86,-0.01,0.86,-0.50,-0.00,101.11
0,2169,-0.74,-0.25,-0.22,-0.58,0.49,0.12,0.03,-0.86,-0.01,0.86,-0.50,-0.00,101.11
0,2174,-0.74,-0.25,-0.22,-0.58,0.49,0.12,0.03,-0.86,-0.01,0.86,-0.50,-0.00,101.13
0,2184,-0.74,-0.25,-0.22,-0.58,0.49,0.12,0.03,-0.86,-0.01,0.86,-0.50,-0.00,101.13
0,2189,-0.74,-0.25,-0.22,-0.58,0.49,0.12,0.03,-0.86,-0.01,0.86,-0.50,-0.00,101.09
0,2194,-0.74,-0.25,-0.22,-0.58,0.49,0.12,0.03,-0.86,-0.01,0.86,-0.50,-0.00,101.11
0,2199,-0.74,-0.25,-0.22,-0.58,0.49,0.12,0.03,-0.86,-0.01,0.86,-0.50,-0.00,101.11
0,2214,-0.74,-0.25,-0.22,-0.58,0.49,0.12,0.03,-0.86,-0.01,0.86,-0.50,-0.00,101.11
0,2224,-0.74,-0.25,-0.22,-0.58,0.49,0.12,0.03,-0.86,-0.01,0.86,-0.50,-0.00,101.09
0,2229,-0.74,-0.25,-0.22,-0.58,0.49,0.12,0.03,-0.86,-0.01,0.86,-0.50,-0.00,101.11
0,2234,-0.74,-0.25,-0.22,-0.58,0.49,0.12,0.03,-0.86,-0.01,0.86,-0.50,-0.00,101.11
0,2254,-0.74,-0.25,-0.22,-0.58,0.49,0.12,0.03,-0.86,-0.01,0.86,-0.50,-0.00,101.11
0,2259,-0.74,-0.25,-0.22,-0.58,0.49,0.12,0.03,-0.86,-0.01,0.86,-0.50,-0.00,101.11
0,2264,-0.74,-0.25,-0.22,-0.58,0.49,0.12,0.03,-0.86,-0.01,0.86,-0.50,-0.00,101.09
0,2279,-0.74,-0.25,-0.22,-0.58,0.49,0.12,0.03,-0.86,-0.01,0.86,-0.50,-0.00,101.11
0,2289,-0.74,-0.25,-0.22,-0.58,0.49,0.12,0.03,-0.86,-0.01,0.86,-0.50,-0.00,101.11
0,2294,-0.74,-0.25,-0.22,-0.58,0.49,0.12,0.03,-0.86,-0.01,0.86,-0.50,-0.00,101.11
0,2299,-0.74,-0.25,-0.22,-0.58,0.49,0.12,0.03,-0.86,-0.01,0.86,-0.50,-0.00,101.11
0,2304,-0.74,-0.25,-0.22,-0.58,0.49,0.12,0.03,-0.86,-0.01,0.86,-0.50,-0.00,101.11
0,2314,-0.74,-0.25,-0.22,-0.58,0.49,0.12,0.03,-0.86,-0.01,0.86,-0.50,-0.00,101.11
0,2319,-0.74,-0.25,-0.22,-0.58,0.49,0.12,0.03,-0.86,-0.01,0.86,-0.50,-0.00,101.11
0,2324,-0.74,-0.25,-0.22,-0.58,0.49,0.12,0.03,-0.86,-0.01,0.86,-0.50,-0.00,101.13
0,2334,-0.74,-0.25,-0.22,-0.58,0.49,0.12,0.03,-0.86,-0.01,0.86,-0.50,-0.00,101.11
0,2344,-0.74,-0.25,-0.22,-0.58,0.49,0.12,0.03,-0.86,-0.01,0.86,-0.50,-0.00,101.11
0,2349,-0.74,-0.25,-0.22,-0.58,0.49,0.12,0.03,-0.86,-0.01,0.86,-0.50,-0.00,101.09
0,2359,-0.74,-0.25,-0.22,-0.58,0.49,0.12,0.03,-0.86,-0.01,0.86,-0.50,-0.00,101.11
0,2364,-0.74,-0.25,-0.22,-0.58,0.49,0.12,0.03,-0.86,-0.01,0.86,-0.50,-0.00,101.11
0,2369,-0.74,-0.25,-0.22,-0.58,0.49,0.12,0.03,-0.86,-0.01,0.86,-0.50,-0.00,101.11
0,2374,-0.74,-0.25,-0.22,-0.58,0.49,0.12,0.03,-0.86,-0.01,0.86,-0.50,-0.00,101.09
0,2379,-0.74,-0.25,-0.22,-0.58,0.49,0.12,0.03,-0.86,-0.01,0.86,-0.50,-0.00,101.11
0,2384,-0.74,-0.25,-0.22,-0.58,0.49,0.12,0.03,-0.86,-0.01,0.86,-0.50,-0.00,101.13
0,2394,-0.74,-0.25,-0.22,-0.58,0.49,0.12,0.03,-0.86,-0.01,0.86,-0.50,-0.00,101.11
0,2399,-0.74,-0.25,-0.22,-0.58,0.49,0.12,0.03,-0.86,-0.01,0.86,-0.50,-0.00,101.11
0,2404,-0.74,-0.25,-0.22,-0.58,0.49,0.12,0.03,-0.86,-0.01,0.86,-0.50,-0.00,101.13
0,2414,-0.74,-0.25,-0.22,-0.58,0.49,0.12,0.03,-0.86,-0.01,0.86,-0.50,-0.00,101.11
0,2424,-0.74,-0.25,-0.21,-0.58,0.49,0.12,0.03,-0.86,-0.01,0.86,-0.50,-0.00,101.09
0,2429,-0.74,-0.25,-0.21,-0.58,0.49,0.12,0.03,-0.86,-0.01,0.86,-0.50,-0.00,101.11
0,2439,-0.74,-0.25,-0.21,-0.58,0.49,0.12,0.03,-0.86,-0.01,0.86,-0.50,-0.00,101.11
0,2449,-0.74,-0.25,-0.21,-0.58,0.49,0.12,0.03,-0.86,-0.01,0.86,-0.50,-0.00,101.11
0,2459,-0.74,-0.25,-0.21,-0.58,0.49,0.12,0.03,-0.86,-0.01,0.86,-0.50,-0.00,101.11
0,2464,-0.74,-0.25,-0.21,-0.58,0.49,0.12,0.03,-0.86,-0.01,0.86,-0.50,-0.00,101.13
0,2469,-0.74,-0.25,-0.21,-0.58,0.49,0.12,0.03,-0.86,-0.01,0.86,-0.50,-0.00,101.11
0,2474,-0.74,-0.26,-0.21,-0.58,0.49,0.12,0.03,-0.86,-0.01,0.86,-0.50,-0.00,101.11
0,2484,-0.74,-0.26,-0.21,-0.58,0.49,0.12,0.03,-0.86,-0.01,0.86,-0.50,-0.00,101.13
0,2489,-0.74,-0.26,-0.21,-0.58,0.49,0.12,0.03,-0.86,-0.01,0.86,-0.50,-0.00,101.11
0,2499,-0.74,-0.26,-0.21,-0.58,0.49,0.12,0.03,-0.86,-0.01,0.86,-0.50,-0.00,101.11
0,2504,-0.74,-0.26,-0.21,-0.58,0.49,0.12,0.03,-0.86,-0.01,0.86,-0.51,-0.00,101.11
0,2514,-0.74,-0.25,-0.21,-0.58,0.49,0.12,0.03,-0.86,-0.01,0.86,-0.51,-0.00,101.13
0,2519,-0.74,-0.25,-0.21,-0.58,0.49,0.12,0.03,-0.86,-0.01,0.86,-0.51,-0.00,101.11
0,2524,-0.74,-0.25,-0.21,-0.59,0.49,0.12,0.03,-0.86,-0.01,0.86,-0.51,-0.00,101.11
0,2529,-0.74,-0.25,-0.21,-0.59,0.49,0.12,0.03,-0.86,-0.01,0.86,-0.51,-0.00,101.11
0,2534,-0.74,-0.25,-0.21,-0.59,0.49,0.12,0.03,-0.86,-0.01,0.86,-0.51,-0.00,101.11
0,2539,-0.74,-0.25,-0.21,-0.59,0.49,0.12,0.03,-0.86,-0.01,0.86,-0.51,-0.00,101.11
0,2544,-0.74,-0.25,-0.21,-0.59,0.49,0.12,0.03,-0.86,-0.01,0.86,-0.51,-0.00,101.11
0,2554,-0.74,-0.25,-0.21,-0.58,0.49,0.12,0.03,-0.86,-0.01,0.86,-0.51,-0.00,101.09
0,2564,-0.74,-0.26,-0.21,-0.58,0.49,0.12,0.03,-0.86,-0.01,0.86,-0.51,-0.00,101.11
0,2569,-0.74,-0.26,-0.21,-0.58,0.49,0.12,0.03,-0.86,-0.01,0.86,-0.51,-0.00,101.13
0,2579,-0.74,-0.26,-0.21,-0.58,0.49,0.12,0.03,-0.86,-0.01,0.86,-0.51,-0.00,101.08
0,2584,-0.74,-0.26,-0.21,-0.58,0.49,0.12,0.03,-0.86,-0.01,0.86,-0.51,-0.00,101.08
0,2594,-0.74,-0.26,-0.21,-0.58,0.49,0.12,0.03,-0.86,-0.01,0.86,-0.51,-0.00,101.11
0,2599,-0.74,-0.26,-0.21,-0.58,0.49,0.12,0.03,-0.86,-0.01,0.86,-0.51,-0.00,101.13
0,2604,-0.74,-0.26,-0.21,-0.58,0.49,0.12,0.03,-0.86,-0.01,0.86,-0.51,-0.00,101.11
0,2619,-0.74,-0.26,-0.21,-0.58,0.49,0.12,0.03,-0.86,-0.01,0.86,-0.51,-0.00,101.11
0,2624,-0.74,-0.25,-0.21,-0.58,0.49,0.12,0.03,-0.86,-0.01,0.86,-0.51,-0.00,101.09
0,2629,-0.74,-0.25,-0.21,-0.58,0.49,0.12,0.03,-0.86,-0.01,0.86,-0.51,-0.00,101.11
0,2634,-0.74,-0.25,-0.21,-0.58,0.49,0.12,0.03,-0.86,-0.01,0.86,-0.51,-0.00,101.11
0,2644,-0.74,-0.25,-0.21,-0.58,0.49,0.12,0.03,-0.86,-0.01,0.86,-0.51,-0.00,101.11
0,2649,-0.74,-0.25,-0.21,-0.58,0.49,0.12,0.03,-0.86,-0.01,0.86,-0.51,-0.00,101.08
0,2654,-0.74,-0.25,-0.21,-0.58,0.49,0.12,0.03,-0.86,-0.01,0.86,-0.51,-0.00,101.11
0,2659,-0.74,-0.25,-0.21,-0.58,0.49,0.12,0.03,-0.86,-0.01,0.86,-0.51,-0.00,101.11
0,2664,-0.74,-0.25,-0.21,-0.58,0.49,0.12,0.03,-0.86,-0.01,0.86,-0.51,-0.00,101.09
0,2669,-0.74,-0.25,-0.21,-0.58,0.49,0.12,0.03,-0.86,-0.01,0.86,-0.51,-0.00,101.13
0,2674,-0.74,-0.25,-0.21,-0.58,0.49,0.12,0.03,-0.86,-0.01,0.86,-0.51,-0.00,101.11
0,2679,-0.75,-0.25,-0.21,-0.58,0.49,0.12,0.03,-0.86,-0.01,0.86,-0.51,-0.00,101.11
0,2684,-0.75,-0.25,-0.21,-0.58,0.49,0.12,0.03,-0.86,-0.01,0.86,-0.51,-0.00,101.13
0,2694,-0.75,-0.25,-0.21,-0.58,0.49,0.12,0.03,-0.86,-0.01,0.86,-0.51,-0.00,101.11
0,2699,-0.75,-0.25,-0.21,-0.58,0.49,0.12,0.03,-0.86,-0.01,0.86,-0.51,-0.00,101.13
0,2704,-0.75,-0.25,-0.21,-0.58,0.49,0.12,0.03,-0.86,-0.01,0.86,-0.51,-0.00,101.09
0,2709,-0.75,-0.25,-0.21,-0.58,0.49,0.12,0.03,-0.86,-0.01,0.86,-0.51,-0.00,101.11
0,2714,-0.75,-0.25,-0.20,-0.58,0.49,0.12,0.03,-0.86,-0.01,0.86,-0.51,-0.00,101.11
0,2724,-0.75,-0.25,-0.20,-0.58,0.49,0.12,0.03,-0.86,-0.01,0.86,-0.51,-0.00,101.11
0,2729,-0.75,-0.25,-0.20,-0.58,0.49,0.12,0.03,-0.86,-0.01,0.86,-0.51,-0.00,101.11
0,2734,-0.75,-0.25,-0.20,-0.58,0.49,0.12,0.03,-0.86,-0.01,0.86,-0.51,-0.00,101.09
0,2739,-0.75,-0.24,-0.20,-0.58,0.49,0.12,0.03,-0.86,-0.01,0.86,-0.51,-0.00,101.09
0,2749,-0.75,-0.24,-0.20,-0.58,0.49,0.12,0.03,-0.86,-0.01,0.86,-0.51,-0.00,101.11
0,2764,-0.75,-0.23,-0.20,-0.59,0.49,0.12,0.03,-0.86,-0.01,0.86,-0.51,-0.00,101.09
0,2769,-0.75,-0.23,-0.20,-0.59,0.49,0.12,0.03,-0.86,-0.01,0.86,-0.51,-0.00,101.13
0,2779,-0.75,-0.22,-0.18,-0.60,0.49,0.12,0.03,-0.86,-0.01,0.86,-0.51,-0.00,101.09
0,2784,-0.75,-0.22,-0.17,-0.60,0.49,0.12,0.03,-0.86,-0.01,0.86,-0.51,-0.00,101.13
0,2789,-0.75,-0.21,-0.17,-0.61,0.49,0.12,0.03,-0.86,-0.01,0.86,-0.51,-0.00,101.13
0,2794,-0.75,-0.20,-0.16,-0.61,0.49,0.12,0.03,-0.86,-0.01,0.86,-0.51,-0.00,101.11
0,2804,-0.75,-0.19,-0.15,-0.62,0.49,0.12,0.03,-0.86,-0.01,0.86,-0.51,-0.00,101.13
0,2819,-0.75,-0.15,-0.13,-0.63,0.49,0.12,0.03,-0.86,-0.01,0.86,-0.51,-0.00,101.09
0,2824,-0.75,-0.14,-0.12,-0.63,0.49,0.12,0.03,-0.86,-0.01,0.86,-0.51,-0.00,101.13
0,2829,-0.75,-0.12,-0.11,-0.64,0.49,0.12,0.03,-0.86,-0.01,0.86,-0.51,-0.00,101.11
0,2839,-0.75,-0.10,-0.11,-0.64,0.49,0.12,0.03,-0.86,-0.01,0.86,-0.51,-0.00,101.11
0,2844,-0.75,-0.09,-0.11,-0.65,0.49,0.12,0.03,-0.86,-0.01,0.86,-0.51,-0.00,101.13
0,2849,-0.75,-0.08,-0.12,-0.65,0.49,0.12,0.03,-0.86,-0.01,0.86,-0.51,-0.00,101.11
0,2854,-0.74,-0.07,-0.13,-0.65,0.49,0.12,0.03,-0.86,-0.01,0.86,-0.51,-0.00,101.13
0,2869,-0.74,-0.05,-0.15,-0.66,0.49,0.12,0.03,-0.86,-0.01,0.86,-0.51,-0.00,101.12
0,2874,-0.73,-0.05,-0.14,-0.66,0.49,0.12,0.03,-0.86,-0.01,0.86,-0.51,-0.00,101.11
0,2879,-0.73,-0.04,-0.14,-0.67,0.49,0.12,0.03,-0.86,-0.01,0.86,-0.51,-0.00,101.09
0,2884,-0.73,-0.04,-0.13,-0.67,0.49,0.12,0.03,-0.86,-0.01,0.86,-0.51,-0.00,101.09
0,2904,-0.71,-0.03,-0.11,-0.69,0.49,0.12,0.03,-0.86,-0.01,0.86,-0.51,-0.00,101.11
0,2909,-0.71,-0.03,-0.11,-0.70,0.49,0.12,0.03,-0.86,-0.01,0.86,-0.51,-0.00,101.11
0,2914,-0.70,-0.04,-0.11,-0.70,0.49,0.12,0.03,-0.86,-0.01,0.86,-0.51,-0.00,101.11
0,2919,-0.70,-0.04,-0.11,-0.70,0.49,0.12,0.03,-0.86,-0.01,0.86,-0.51,-0.00,101.13
0,2929,-0.70,-0.04,-0.10,-0.71,0.49,0.12,0.03,-0.86,-0.01,0.86,-0.51,-0.00,101.11
0,2934,-0.70,-0.04,-0.10,-0.71,0.49,0.12,0.03,-0.86,-0.01,0.86,-0.51,-0.00,101.11
0,2939,-0.70,-0.04,-0.10,-0.71,0.49,0.12,0.03,-0.86,-0.01,0.86,-0.51,-0.00,101.09
0,2944,-0.70,-0.04,-0.10,-0.70,0.49,0.12,0.03,-0.86,-0.01,0.86,-0.51,-0.00,101.11
0,2959,-0.70,-0.04,-0.09,-0.71,0.49,0.12,0.03,-0.86,-0.01,0.86,-0.51,-0.00,101.11
0,2964,-0.70,-0.05,-0.09,-0.71,0.49,0.12,0.03,-0.86,-0.01,0.86,-0.51,-0.00,101.12
0,2969,-0.70,-0.05,-0.09,-0.71,0.49,0.12,0.03,-0.86,-0.01,0.86,-0.51,-0.00,101.11
0,2974,-0.70,-0.05,-0.10,-0.71,0.49,0.12,0.03,-0.86,-0.01,0.86,-0.51,-0.00,101.07
0,2979,-0.70,-0.05,-0.10,-0.71,0.49,0.12,0.03,-0.86,-0.01,0.86,-0.51,-0.00,101.12
0,2984,-0.70,-0.04,-0.10,-0.71,0.49,0.12,0.03,-0.86,-0.01,0.86,-0.51,-0.00,101.15
0,2989,-0.70,-0.04,-0.10,-0.70,0.49,0.12,0.03,-0.86,-0.01,0.86,-0.51,-0.00,101.11
0,2994,-0.70,-0.04,-0.10,-0.71,0.49,0.12,0.03,-0.86,-0.01,0.86,-0.51,-0.00,101.11
0,3009,-0.70,-0.04,-0.09,-0.71,0.49,0.12,0.03,-0.86,-0.01,0.86,-0.51,-0.00,101.11
0,3019,-0.70,-0.03,-0.09,-0.71,0.49,0.12,0.03,-0.86,-0.01,0.86,-0.51,-0.00,101.09
0,3024,-0.70,-0.03,-0.09,-0.71,0.49,0.12,0.03,-0.86,-0.01,0.86,-0.51,-0.00,101.11
0,3029,-0.70,-0.03,-0.09,-0.70,0.49,0.12,0.03,-0.86,-0.01,0.86,-0.51,-0.00,101.11
0,3034,-0.70,-0.03,-0.09,-0.70,0.49,0.12,0.03,-0.86,-0.01,0.86,-0.51,-0.00,101.11
0,3044,-0.70,-0.03,-0.09,-0.70,0.49,0.12,0.03,-0.86,-0.01,0.86,-0.51,-0.00,101.13
0,3049,-0.70,-0.03,-0.09,-0.70,0.49,0.12,0.03,-0.86,-0.01,0.86,-0.51,-0.00,101.11
0,3054,-0.70,-0.03,-0.09,-0.70,0.49,0.12,0.03,-0.86,-0.01,0.86,-0.51,-0.00,101.11
0,3059,-0.70,-0.03,-0.09,-0.70,0.49,0.12,0.03,-0.86,-0.01,0.86,-0.51,-0.00,101.11
0,3064,-0.70,-0.03,-0.09,-0.70,0.49,0.12,0.03,-0.86,-0.01,0.86,-0.51,-0.00,101.11
0,3074,-0.70,-0.03,-0.09,-0.70,0.49,0.12,0.03,-0.86,-0.01,0.86,-0.51,-0.00,101.11
0,3079,-0.70,-0.03,-0.09,-0.70,0.49,0.12,0.03,-0.86,-0.01,0.86,-0.51,-0.00,101.11
0,3089,-0.70,-0.03,-0.09,-0.70,0.49,0.12,0.03,-0.86,-0.01,0.86,-0.51,-0.00,101.11
0,3094,-0.70,-0.03,-0.09,-0.70,0.49,0.12,0.03,-0.86,-0.01,0.86,-0.51,-0.00,101.11
0,3099,-0.70,-0.03,-0.09,-0.70,0.49,0.12,0.03,-0.86,-0.01,0.86,-0.51,-0.00,101.11
0,3104,-0.70,-0.03,-0.09,-0.70,0.49,0.12,0.03,-0.86,-0.01,0.86,-0.51,-0.00,101.09
0,3109,-0.70,-0.03,-0.09,-0.70,0.49,0.12,0.03,-0.86,-0.01,0.86,-0.51,-0.00,101.11
0,3114,-0.70,-0.03,-0.09,-0.70,0.49,0.12,0.03,-0.86,-0.01,0.86,-0.51,-0.00,101.11
0,3149,-0.70,-0.02,-0.09,-0.70,0.49,0.12,0.03,-0.86,-0.01,0.86,-0.51,-0.00,101.09
0,3154,-0.70,-0.02,-0.09,-0.70,0.49,0.12,0.03,-0.86,-0.01,0.86,-0.51,-0.00,101.11
0,3159,-0.70,-0.02,-0.09,-0.70,0.49,0.12,0.03,-0.86,-0.01,0.86,-0.51,-0.00,101.11
0,3164,-0.70,-0.02,-0.09,-0.70,0.49,0.12,0.03,-0.86,-0.01,0.86,-0.51,-0.00,101.11
0,3169,-0.70,-0.02,-0.09,-0.70,0.49,0.12,0.03,-0.86,-0.01,0.86,-0.51,-0.00,101.11
0,3189,-0.70,-0.02,-0.09,-0.70,0.49,0.12,0.03,-0.86,-0.01,0.86,-0.51,-0.00,101.11
0,3194,-0.71,-0.02,-0.09,-0.70,0.49,0.12,0.03,-0.86,-0.01,0.86,-0.51,-0.00,101.11
0,3204,-0.71,-0.02,-0.09,-0.70,0.49,0.12,0.03,-0.86,-0.01,0.86,-0.51,-0.00,101.14
0,3209,-0.71,-0.02,-0.09,-0.70,0.49,0.12,0.03,-0.86,-0.01,0.86,-0.51,-0.00,101.11
0,3214,-0.71,-0.02,-0.09,-0.70,0.49,0.12,0.03,-0.86,-0.01,0.86,-0.51,-0.00,101.11
0,3219,-0.71,-0.02,-0.09,-0.70,0.49,0.12,0.03,-0.86,-0.01,0.86,-0.51,-0.00,101.11
0,3229,-0.71,-0.02,-0.09,-0.70,0.49,0.12,0.03,-0.86,-0.01,0.86,-0.51,-0.00,101.13
0,3234,-0.71,-0.02,-0.09,-0.70,0.49,0.12,0.03,-0.86,-0.01,0.86,-0.51,-0.00,101.09
0,3239,-0.71,-0.02,-0.09,-0.70,0.49,0.12,0.03,-0.86,-0.01,0.86,-0.51,-0.00,101.11
0,3244,-0.71,-0.02,-0.09,-0.70,0.49,0.12,0.03,-0.86,-0.01,0.86,-0.51,-0.00,101.13
0,3249,-0.71,-0.02,-0.09,-0.70,0.49,0.12,0.03,-0.86,-0.01,0.86,-0.51,-0.00,101.11
0,3254,-0.71,-0.02,-0.09,-0.70,0.49,0.12,0.03,-0.86,-0.01,0.86,-0.51,-0.00,101.11
0,3259,-0.71,-0.02,-0.09,-0.70,0.49,0.12,0.03,-0.86,-0.01,0.86,-0.51,-0.00,101.11
0,3264,-0.71,-0.02,-0.09,-0.70,0.49,0.12,0.03,-0.86,-0.01,0.86,-0.51,-0.00,101.13
0,3274,-0.71,-0.02,-0.09,-0.70,0.49,0.12,0.03,-0.86,-0.01,0.86,-0.51,-0.00,101.11
0,3279,-0.71,-0.02,-0.09,-0.70,0.49,0.12,0.03,-0.86,-0.01,0.86,-0.51,-0.00,101.11
0,3284,-0.71,-0.02,-0.09,-0.70,0.49,0.12,0.03,-0.86,-0.01,0.86,-0.51,-0.00,101.09
0,3294,-0.71,-0.02,-0.09,-0.70,0.49,0.12,0.03,-0.86,-0.01,0.86,-0.51,-0.00,101.11
0,3299,-0.71,-0.02,-0.09,-0.70,0.49,0.12,0.03,-0.86,-0.01,0.86,-0.51,-0.00,101.13
0,3304,-0.71,-0.02,-0.09,-0.70,0.49,0.12,0.03,-0.86,-0.01,0.86,-0.51,-0.00,101.09
0,3309,-0.71,-0.02,-0.09,-0.70,0.49,0.12,0.03,-0.86,-0.01,0.86,-0.51,-0.00,101.13
0,3314,-0.71,-0.02,-0.09,-0.70,0.49,0.12,0.03,-0.86,-0.01,0.86,-0.51,-0.00,101.09
0,3359,-0.71,-0.02,-0.09,-0.70,0.49,0.12,0.03,-0.86,-0.01,0.86,-0.51,-0.00,101.09
0,3364,-0.71,-0.02,-0.09,-0.70,0.49,0.12,0.03,-0.86,-0.01,0.86,-0.51,-0.00,101.11
0,3369,-0.71,-0.02,-0.09,-0.70,0.49,0.12,0.03,-0.86,-0.01,0.86,-0.51,-0.00,101.12
0,3379,-0.71,-0.02,-0.09,-0.70,0.49,0.12,0.03,-0.86,-0.01,0.86,-0.51,-0.00,101.11
0,3384,-0.71,-0.02,-0.09,-0.70,0.49,0.12,0.03,-0.86,-0.01,0.86,-0.51,-0.00,101.11
0,3389,-0.71,-0.02,-0.09,-0.70,0.49,0.12,0.03,-0.86,-0.01,0.86,-0.51,-0.00,101.13
0,3394,-0.71,-0.02,-0.09,-0.70,0.49,0.12,0.03,-0.86,-0.01,0.86,-0.51,-0.00,101.13
0,3404,-0.71,-0.02,-0.09,-0.70,0.49,0.12,0.03,-0.86,-0.01,0.86,-0.51,-0.00,101.11
0,3409,-0.71,-0.02,-0.09,-0.70,0.49,0.12,0.03,-0.86,-0.01,0.86,-0.51,-0.00,101.11
0,3414,-0.71,-0.02,-0.09,-0.70,0.49,0.12,0.03,-0.86,-0.01,0.86,-0.51,-0.00,101.11
0,3419,-0.71,-0.02,-0.09,-0.70,0.49,0.12,0.03,-0.86,-0.01,0.86,-0.51,-0.00,101.11
0,3429,-0.71,-0.01,-0.09,-0.70,0.49,0.12,0.03,-0.86,-0.01,0.86,-0.51,-0.00,101.09
0,3434,-0.71,-0.01,-0.09,-0.70,0.49,0.12,0.03,-0.86,-0.01,0.86,-0.51,-0.00,101.11
0,3439,-0.71,-0.01,-0.09,-0.70,0.49,0.12,0.03,-0.86,-0.01,0.86,-0.51,-0.00,101.11
0,3444,-0.71,-0.01,-0.09,-0.70,0.49,0.12,0.03,-0.86,-0.01,0.86,-0.51,-0.00,101.11
0,3449,-0.71,-0.01,-0.09,-0.70,0.49,0.12,0.03,-0.86,-0.01,0.86,-0.51,-0.00,101.11
0,3454,-0.71,-0.01,-0.09,-0.70,0.49,0.12,0.03,-0.86,-0.01,0.86,-0.51,-0.00,101.11
0,3459,-0.71,-0.01,-0.09,-0.70,0.49,0.12,0.03,-0.86,-0.01,0.86,-0.51,-0.00,101.09
0,3464,-0.71,-0.01,-0.09,-0.70,0.49,0.12,0.03,-0.86,-0.01,0.86,-0.51,-0.00,101.13
0,3474,-0.71,-0.01,-0.09,-0.70,0.49,0.12,0.03,-0.86,-0.01,0.86,-0.51,-0.00,101.11
0,3479,-0.71,-0.01,-0.09,-0.70,0.49,0.12,0.03,-0.86,-0.01,0.86,-0.51,-0.00,101.09
0,3484,-0.71,-0.01,-0.09,-0.70,0.49,0.12,0.03,-0.86,-0.01,0.86,-0.51,-0.00,101.13
0,3489,-0.71,-0.01,-0.09,-0.70,0.49,0.12,0.03,-0.86,-0.01,0.86,-0.51,-0.00,101.13
0,3499,-0.71,-0.01,-0.09,-0.70,0.49,0.12,0.03,-0.86,-0.01,0.86,-0.51,-0.00,101.11
0,3504,-0.71,-0.01,-0.09,-0.70,0.49,0.12,0.03,-0.86,-0.01,0.86,-0.51,-0.00,101.11
0,3509,-0.71,-0.01,-0.09,-0.70,0.49,0.12,0.03,-0.86,-0.01,0.86,-0.51,-0.00,101.09
0,3514,-0.71,-0.01,-0.09,-0.70,0.49,0.12,0.03,-0.86,-0.01,0.86,-0.51,-0.00,101.07
0,3534,-0.71,-0.01,-0.09,-0.70,0.49,0.12,0.03,-0.86,-0.01,0.86,-0.51,-0.00,101.11
0,3539,-0.71,-0.01,-0.09,-0.70,0.49,0.12,0.03,-0.86,-0.01,0.86,-0.51,-0.00,101.07
0,3544,-0.71,-0.01,-0.09,-0.70,0.49,0.12,0.03,-0.86,-0.01,0.86,-0.51,-0.00,101.11
0,3549,-0.71,-0.01,-0.09,-0.70,0.49,0.12,0.03,-0.86,-0.01,0.86,-0.51,-0.00,101.09
0,3569,-0.71,-0.01,-0.09,-0.70,0.49,0.12,0.03,-0.86,-0.01,0.86,-0.51,-0.00,101.11
0,3574,-0.71,-0.01,-0.09,-0.70,0.49,0.12,0.03,-0.86,-0.01,0.86,-0.51,-0.00,101.11
0,3579,-0.71,-0.01,-0.09,-0.70,0.49,0.12,0.03,-0.86,-0.01,0.86,-0.51,-0.00,101.15
0,3584,-0.71,-0.01,-0.09,-0.70,0.49,0.12,0.03,-0.86,-0.01,0.86,-0.51,-0.00,101.11
0,3589,-0.71,-0.01,-0.09,-0.70,0.49,0.12,0.03,-0.86,-0.01,0.86,-0.51,-0.00,101.11
0,3594,-0.71,-0.01,-0.09,-0.70,0.49,0.12,0.03,-0.86,-0.01,0.86,-0.51,-0.00,101.09
0,3599,-0.71,-0.01,-0.09,-0.70,0.49,0.12,0.03,-0.86,-0.01,0.86,-0.51,-0.00,101.09
0,3604,-0.71,-0.01,-0.09,-0.70,0.49,0.12,0.03,-0.86,-0.01,0.86,-0.51,-0.00,101.11
0,3614,-0.71,-0.01,-0.09,-0.70,0.49,0.12,0.03,-0.86,-0.01,0.86,-0.51,-0.00,101.11
0,3619,-0.71,-0.01,-0.09,-0.70,0.49,0.12,0.03,-0.86,-0.01,0.86,-0.51,-0.00,101.09
0,3624,-0.71,-0.01,-0.09,-0.70,0.49,0.12,0.03,-0.86,-0.01,0.86,-0.51,-0.00,101.09
0,3629,-0.71,-0.01,-0.09,-0.70,0.49,0.12,0.03,-0.86,-0.01,0.86,-0.51,-0.00,101.11
0,3634,-0.71,-0.01,-0.09,-0.70,0.49,0.12,0.03,-0.86,-0.01,0.86,-0.51,-0.00,101.11
0,3644,-0.71,-0.01,-0.08,-0.70,0.49,0.12,0.03,-0.86,-0.01,0.86,-0.51,-0.00,101.11
0,3649,-0.71,-0.01,-0.08,-0.70,0.49,0.12,0.03,-0.86,-0.01,0.86,-0.51,-0.00,101.11
0,3654,-0.71,-0.01,-0.08,-0.70,0.49,0.12,0.03,-0.86,-0.01,0.86,-0.51,-0.00,101.11
0,3659,-0.71,-0.01,-0.08,-0.70,0.49,0.12,0.03,-0.86,-0.01,0.86,-0.51,-0.00,101.11
0,3674,-0.71,-0.01,-0.08,-0.70,0.49,0.12,0.03,-0.86,-0.01,0.86,-0.51,-0.00,101.11
0,3679,-0.71,-0.01,-0.08,-0.70,0.49,0.12,0.03,-0.86,-0.01,0.86,-0.51,-0.00,101.11
0,3684,-0.71,-0.01,-0.08,-0.70,0.49,0.12,0.03,-0.86,-0.01,0.86,-0.51,-0.00,101.11
0,3694,-0.71,-0.01,-0.08,-0.70,0.49,0.12,0.03,-0.86,-0.01,0.86,-0.51,-0.00,101.13
0,3699,-0.71,-0.01,-0.08,-0.70,0.49,0.12,0.03,-0.86,-0.01,0.86,-0.51,-0.00,101.13
0,3704,-0.71,-0.01,-0.08,-0.70,0.49,0.12,0.03,-0.86,-0.01,0.86,-0.51,-0.00,101.11
0,3709,-0.71,-0.01,-0.09,-0.69,0.49,0.12,0.03,-0.86,-0.01,0.86,-0.51,-0.00,101.11
0,3719,-0.71,-0.02,-0.09,-0.69,0.49,0.12,0.03,-0.86,-0.01,0.86,-0.51,-0.00,101.12
0,3734,-0.72,-0.03,-0.09,-0.69,0.49,0.12,0.03,-0.86,-0.01,0.86,-0.51,-0.00,101.13
0,3739,-0.72,-0.03,-0.09,-0.69,0.49,0.12,0.03,-0.86,-0.01,0.86,-0.51,-0.00,101.13
0,3744,-0.72,-0.04,-0.10,-0.68,0.49,0.12,0.03,-0.86,-0.01,0.86,-0.51,-0.00,101.07
0,3759,-0.73,-0.05,-0.10,-0.68,0.49,0.12,0.03,-0.86,-0.01,0.86,-0.51,-0.00,101.11
0,3769,-0.73,-0.06,-0.11,-0.67,0.49,0.12,0.03,-0.86,-0.01,0.86,-0.51,-0.00,101.11
0,3774,-0.73,-0.06,-0.10,-0.67,0.49,0.12,0.03,-0.86,-0.01,0.86,-0.51,-0.00,101.11
0,3779,-0.74,-0.06,-0.11,-0.67,0.49,0.12,0.03,-0.86,-0.01,0.86,-0.51,-0.00,101.09
0,3789,-0.74,-0.06,-0.11,-0.66,0.49,0.12,0.03,-0.87,-0.01,0.86,-0.51,-0.00,101.12
0,3794,-0.75,-0.07,-0.11,-0.65,0.49,0.12,0.03,-0.87,-0.01,0.86,-0.51,-0.00,101.11
0,3799,-0.75,-0.07,-0.11,-0.65,0.49,0.12,0.03,-0.87,-0.01,0.86,-0.51,-0.00,101.09
0,3804,-0.75,-0.07,-0.11,-0.64,0.49,0.12,0.03,-0.87,-0.01,0.86,-0.51,-0.00,101.09
0,3824,-0.77,-0.08,-0.12,-0.62,0.49,0.12,0.03,-0.87,-0.01,0.86,-0.51,-0.00,101.09
0,3829,-0.78,-0.08,-0.13,-0.61,0.49,0.12,0.03,-0.87,-0.01,0.86,-0.51,-0.00,101.09
0,3834,-0.79,-0.09,-0.13,-0.60,0.49,0.12,0.03,-0.87,-0.01,0.86,-0.51,-0.00,101.13
0,3849,-0.80,-0.09,-0.14,-0.57,0.49,0.12,0.03,-0.87,-0.01,0.86,-0.51,-0.00,101.11
0,3859,-0.82,-0.10,-0.15,-0.55,0.49,0.12,0.03,-0.87,-0.01,0.86,-0.51,-0.00,101.11
0,3864,-0.82,-0.10,-0.15,-0.54,0.49,0.12,0.03,-0.87,-0.01,0.86,-0.51,-0.00,101.09
0,3874,-0.83,-0.11,-0.15,-0.52,0.49,0.12,0.03,-0.87,-0.01,0.86,-0.51,-0.00,101.11
0,3879,-0.84,-0.12,-0.15,-0.51,0.49,0.12,0.03,-0.87,-0.01,0.86,-0.51,-0.00,101.11
0,3889,-0.85,-0.13,-0.16,-0.49,0.49,0.12,0.03,-0.87,-0.01,0.86,-0.51,-0.00,101.13
0,3894,-0.85,-0.14,-0.16,-0.48,0.49,0.12,0.03,-0.87,-0.01,0.86,-0.51,-0.00,101.13
0,3899,-0.85,-0.14,-0.16,-0.48,0.49,0.12,0.03,-0.87,-0.01,0.86,-0.51,-0.00,101.11
0,3904,-0.85,-0.15,-0.16,-0.47,0.49,0.12,0.03,-0.87,-0.01,0.86,-0.51,-0.00,101.11
0,3914,-0.86,-0.15,-0.16,-0.46,0.49,0.12,0.03,-0.87,-0.01,0.86,-0.51,-0.00,101.11
0,3919,-0.86,-0.15,-0.15,-0.46,0.49,0.12,0.03,-0.87,-0.01,0.86,-0.51,-0.00,101.11
0,3934,-0.87,-0.16,-0.15,-0.44,0.49,0.12,0.03,-0.87,-0.01,0.86,-0.51,-0.00,101.11
0,3939,-0.87,-0.16,-0.15,-0.44,0.49,0.12,0.03,-0.87,-0.01,0.86,-0.51,-0.00,101.11
0,3949,-0.87,-0.17,-0.16,-0.43,0.49,0.12,0.03,-0.87,-0.01,0.86,-0.51,-0.00,101.09
0,3959,-0.87,-0.19,-0.15,-0.42,0.49,0.12,0.03,-0.87,-0.01,0.86,-0.51,-0.00,101.11
0,3964,-0.88,-0.20,-0.15,-0.41,0.49,0.12,0.03,-0.87,-0.01,0.86,-0.51,-0.00,101.09
0,3969,-0.88,-0.20,-0.15,-0.41,0.49,0.12,0.03,-0.87,-0.01,0.86,-0.51,-0.00,101.11
0,3974,-0.88,-0.21,-0.15,-0.40,0.49,0.12,0.03,-0.87,-0.01,0.86,-0.51,-0.00,101.11
0,3979,-0.88,-0.22,-0.15,-0.40,0.49,0.12,0.03,-0.87,-0.01,0.86,-0.51,-0.00,101.09
0,3989,-0.88,-0.24,-0.15,-0.38,0.49,0.12,0.03,-0.87,-0.01,0.86,-0.51,-0.00,101.11
0,3994,-0.88,-0.25,-0.15,-0.38,0.49,0.12,0.03,-0.87,-0.01,0.86,-0.51,-0.00,101.11
0,3999,-0.88,-0.26,-0.15,-0.37,0.49,0.12,0.03,-0.87,-0.01,0.86,-0.51,-0.00,101.13
0,4004,-0.88,-0.27,-0.15,-0.36,0.49,0.12,0.03,-0.87,-0.01,0.86,-0.51,-0.00,101.14
0,4009,-0.88,-0.28,-0.15,-0.36,0.49,0.12,0.03,-0.87,-0.01,0.86,-0.51,-0.00,101.11
0,4014,-0.88,-0.28,-0.15,-0.35,0.49,0.12,0.03,-0.87,-0.01,0.86,-0.51,-0.00,101.09
0,4024,-0.88,-0.29,-0.15,-0.34,0.49,0.12,0.03,-0.87,-0.01,0.86,-0.51,-0.00,101.11
0,4029,-0.88,-0.30,-0.15,-0.34,0.49,0.12,0.03,-0.87,-0.01,0.86,-0.51,-0.00,101.11
0,4034,-0.88,-0.31,-0.15,-0.34,0.49,0.12,0.03,-0.87,-0.01,0.86,-0.51,-0.00,101.11
0,4044,-0.88,-0.31,-0.16,-0.33,0.49,0.12,0.03,-0.87,-0.01,0.86,-0.51,-0.00,101.13
0,4054,-0.88,-0.31,-0.16,-0.32,0.49,0.12,0.03,-0.87,-0.01,0.86,-0.51,-0.00,101.12
0,4059,-0.88,-0.31,-0.17,-0.32,0.49,0.12,0.03,-0.87,-0.01,0.86,-0.51,-0.00,101.11
0,4064,-0.88,-0.31,-0.17,-0.32,0.49,0.12,0.03,-0.87,-0.01,0.86,-0.51,-0.00,101.11
0,4069,-0.88,-0.30,-0.17,-0.31,0.49,0.12,0.03,-0.87,-0.01,0.86,-0.51,-0.00,101.11
0,4079,-0.89,-0.29,-0.17,-0.31,0.49,0.12,0.03,-0.87,-0.01,0.86,-0.51,-0.00,101.11
0,4084,-0.89,-0.29,-0.17,-0.31,0.49,0.12,0.03,-0.87,-0.01,0.86,-0.51,-0.00,101.11
0,4089,-0.89,-0.28,-0.17,-0.30,0.49,0.12,0.03,-0.87,-0.01,0.86,-0.51,-0.00,101.09
0,4094,-0.90,-0.28,-0.17,-0.30,0.49,0.12,0.03,-0.87,-0.01,0.86,-0.51,-0.00,101.12
0,4114,-0.91,-0.25,-0.17,-0.29,0.49,0.12,0.03,-0.87,-0.01,0.86,-0.51,-0.00,101.11
0,4119,-0.91,-0.25,-0.17,-0.28,0.49,0.12,0.03,-0.87,-0.01,0.86,-0.51,-0.00,101.13
0,4124,-0.91,-0.25,-0.17,-0.28,0.49,0.12,0.03,-0.87,-0.01,0.86,-0.51,-0.00,101.11
0,4134,-0.91,-0.26,-0.16,-0.28,0.49,0.12,0.03,-0.87,-0.01,0.86,-0.51,-0.00,101.09
0,4144,-0.91,-0.26,-0.16,-0.27,0.49,0.12,0.03,-0.87,-0.01,0.86,-0.51,-0.00,101.11
0,4149,-0.91,-0.26,-0.16,-0.27,0.49,0.12,0.03,-0.87,-0.01,0.86,-0.51,-0.00,101.09
0,4154,-0.91,-0.26,-0.16,-0.27,0.49,0.12,0.03,-0.87,-0.01,0.86,-0.51,-0.00,101.09
0,4164,-0.92,-0.25,-0.15,-0.27,0.49,0.12,0.03,-0.87,-0.01,0.86,-0.51,-0.00,101.11
0,4174,-0.92,-0.25,-0.15,-0.27,0.49,0.12,0.03,-0.87,-0.01,0.86,-0.51,-0.00,101.09
0,4179,-0.92,-0.25,-0.15,-0.27,0.49,0.12,0.03,-0.87,-0.01,0.86,-0.51,-0.00,101.11
0,4194,-0.92,-0.25,-0.14,-0.26,0.49,0.12,0.03,-0.87,-0.01,0.86,-0.51,-0.00,101.11
0,4199,-0.92,-0.25,-0.14,-0.26,0.49,0.12,0.03,-0.87,-0.01,0.86,-0.51,-0.00,101.15
0,4204,-0.92,-0.25,-0.14,-0.26,0.48,0.12,0.03,-0.87,-0.01,0.86,-0.51,-0.00,101.11
0,4209,-0.92,-0.25,-0.14,-0.26,0.48,0.12,0.03,-0.87,-0.01,0.86,-0.51,-0.00,101.11
0,4214,-0.92,-0.25,-0.14,-0.26,0.49,0.12,0.03,-0.87,-0.01,0.86,-0.51,-0.00,101.11
0,4219,-0.92,-0.25,-0.14,-0.26,0.49,0.12,0.03,-0.87,-0.01,0.86,-0.51,-0.00,101.09
0,4229,-0.92,-0.25,-0.14,-0.26,0.49,0.12,0.03,-0.87,-0.01,0.86,-0.51,-0.00,101.11
0,4234,-0.92,-0.25,-0.14,-0.26,0.49,0.12,0.03,-0.87,-0.01,0.86,-0.51,-0.00,101.11
0,4244,-0.92,-0.25,-0.14,-0.25,0.49,0.12,0.03,-0.87,-0.01,0.86,-0.51,-0.00,101.11
0,4249,-0.92,-0.25,-0.14,-0.25,0.49,0.12,0.03,-0.87,-0.01,0.86,-0.51,-0.00,101.11
0,4259,-0.92,-0.25,-0.14,-0.25,0.49,0.12,0.03,-0.87,-0.01,0.86,-0.51,-0.00,101.11
0,4264,-0.92,-0.25,-0.14,-0.25,0.49,0.12,0.03,-0.87,-0.01,0.86,-0.51,-0.00,101.09
0,4269,-0.93,-0.24,-0.14,-0.25,0.49,0.12,0.03,-0.87,-0.01,0.86,-0.51,-0.00,101.09
0,4274,-0.93,-0.24,-0.14,-0.25,0.49,0.12,0.03,-0.87,-0.01,0.86,-0.51,-0.00,101.11
0,4279,-0.93,-0.24,-0.14,-0.25,0.49,0.12,0.03,-0.87,-0.01,0.86,-0.51,-0.00,101.09
0,4284,-0.93,-0.24,-0.14,-0.25,0.49,0.12,0.03,-0.87,-0.01,0.86,-0.51,-0.00,101.11
0,4289,-0.93,-0.24,-0.13,-0.26,0.49,0.12,0.03,-0.87,-0.01,0.86,-0.51,-0.00,101.09
0,4299,-0.93,-0.24,-0.13,-0.26,0.49,0.12,0.03,-0.87,-0.01,0.86,-0.51,-0.00,101.09
0,4309,-0.93,-0.24,-0.13,-0.26,0.49,0.12,0.03,-0.87,-0.01,0.86,-0.51,-0.00,101.11
0,4314,-0.93,-0.24,-0.13,-0.26,0.49,0.12,0.03,-0.87,-0.01,0.86,-0.51,-0.00,101.09
0,4319,-0.93,-0.24,-0.13,-0.26,0.49,0.12,0.03,-0.87,-0.01,0.86,-0.51,-0.00,101.11
0,4329,-0.93,-0.24,-0.13,-0.26,0.49,0.12,0.03,-0.87,-0.01,0.86,-0.51,-0.00,101.12
0,4339,-0.93,-0.24,-0.13,-0.26,0.49,0.12,0.03,-0.87,-0.01,0.86,-0.51,-0.00,101.12
0,4344,-0.93,-0.24,-0.13,-0.26,0.49,0.12,0.03,-0.87,-0.01,0.86,-0.51,-0.00,101.09
0,4349,-0.93,-0.24,-0.13,-0.26,0.49,0.12,0.03,-0.87,-0.01,0.86,-0.51,-0.00,101.11
0,4364,-0.93,-0.24,-0.13,-0.26,0.49,0.12,0.03,-0.87,-0.01,0.86,-0.51,-0.00,101.10
0,4369,-0.93,-0.24,-0.13,-0.26,0.49,0.12,0.03,-0.87,-0.01,0.86,-0.51,-0.00,101.13
0,4374,-0.93,-0.24,-0.13,-0.26,0.49,0.12,0.03,-0.87,-0.01,0.86,-0.51,-0.00,101.13
0,4379,-0.93,-0.24,-0.13,-0.25,0.49,0.12,0.03,-0.87,-0.01,0.86,-0.51,-0.00,101.11
0,4389,-0.93,-0.24,-0.13,-0.25,0.49,0.12,0.03,-0.87,-0.01,0.86,-0.51,-0.00,101.13
0,4394,-0.93,-0.24,-0.13,-0.25,0.49,0.12,0.03,-0.87,-0.01,0.86,-0.51,-0.00,101.13
0,4399,-0.93,-0.24,-0.13,-0.25,0.49,0.12,0.03,-0.87,-0.01,0.86,-0.51,-0.00,101.11
0,4404,-0.93,-0.24,-0.13,-0.25,0.48,0.12,0.03,-0.87,-0.01,0.86,-0.51,-0.00,101.11
0,4419,-0.93,-0.24,-0.13,-0.26,0.48,0.12,0.03,-0.87,-0.01,0.86,-0.51,-0.00,101.11
0,4424,-0.93,-0.24,-0.13,-0.26,0.48,0.12,0.03,-0.87,-0.01,0.86,-0.51,-0.00,101.09
0,4429,-0.93,-0.24,-0.13,-0.26,0.48,0.12,0.03,-0.87,-0.01,0.86,-0.51,-0.00,101.11
0,4434,-0.93,-0.24,-0.13,-0.26,0.48,0.12,0.03,-0.87,-0.01,0.86,-0.51,-0.00,101.09
0,4454,-0.93,-0.24,-0.13,-0.26,0.48,0.12,0.03,-0.87,-0.01,0.86,-0.51,-0.00,101.09
0,4459,-0.93,-0.24,-0.13,-0.26,0.48,0.12,0.03,-0.87,-0.01,0.86,-0.51,-0.00,101.11
0,4464,-0.93,-0.24,-0.13,-0.26,0.48,0.12,0.03,-0.87,-0.01,0.86,-0.51,-0.00,101.09
0,4469,-0.93,-0.24,-0.13,-0.26,0.48,0.12,0.03,-0.87,-0.01,0.86,-0.51,-0.00,101.13
0,4489,-0.93,-0.24,-0.13,-0.26,0.48,0.12,0.03,-0.87,-0.01,0.86,-0.51,-0.00,101.11
0,4494,-0.93,-0.24,-0.13,-0.26,0.48,0.12,0.03,-0.87,-0.01,0.86,-0.51,-0.00,101.13
0,4504,-0.93,-0.24,-0.13,-0.26,0.48,0.12,0.03,-0.87,-0.01,0.86,-0.51,-0.00,101.11
0,4509,-0.93,-0.24,-0.13,-0.26,0.48,0.12,0.03,-0.87,-0.01,0.86,-0.51,-0.00,101.11
0,4514,-0.93,-0.24,-0.13,-0.26,0.48,0.12,0.03,-0.87,-0.01,0.86,-0.51,-0.00,101.13
0,4519,-0.93,-0.24,-0.13,-0.26,0.48,0.12,0.03,-0.87,-0.01,0.86,-0.51,-0.00,101.13
0,4529,-0.93,-0.24,-0.13,-0.26,0.48,0.12,0.03,-0.87,-0.01,0.86,-0.51,-0.00,101.09
0,4534,-0.93,-0.24,-0.13,-0.26,0.48,0.12,0.03,-0.87,-0.01,0.86,-0.51,-0.00,101.11
0,4544,-0.93,-0.24,-0.13,-0.26,0.48,0.12,0.03,-0.87,-0.01,0.86,-0.51,-0.00,101.11
0,4549,-0.93,-0.24,-0.13,-0.26,0.48,0.12,0.03,-0.87,-0.01,0.86,-0.51,-0.00,101.13
0,4554,-0.93,-0.24,-0.13,-0.26,0.48,0.12,0.03,-0.87,-0.01,0.86,-0.51,-0.00,101.11
0,4559,-0.93,-0.24,-0.13,-0.26,0.48,0.12,0.03,-0.87,-0.01,0.86,-0.51,-0.00,101.13
0,4569,-0.93,-0.24,-0.13,-0.26,0.48,0.12,0.03,-0.87,-0.01,0.86,-0.51,-0.00,101.11
0,4574,-0.93,-0.24,-0.13,-0.26,0.48,0.12,0.03,-0.87,-0.01,0.86,-0.51,-0.00,101.09
0,4584,-0.93,-0.24,-0.13,-0.26,0.48,0.12,0.03,-0.87,-0.01,0.86,-0.51,-0.00,101.11
0,4589,-0.93,-0.24,-0.13,-0.26,0.48,0.12,0.03,-0.87,-0.01,0.86,-0.51,-0.00,101.09
0,4599,-0.93,-0.24,-0.13,-0.26,0.48,0.12,0.03,-0.87,-0.01,0.86,-0.51,-0.00,101.09
0,4604,-0.93,-0.24,-0.13,-0.26,0.48,0.12,0.03,-0.87,-0.01,0.86,-0.51,-0.00,101.11
0,4609,-0.93,-0.24,-0.13,-0.26,0.48,0.12,0.03,-0.87,-0.01,0.86,-0.51,-0.00,101.12
0,4614,-0.93,-0.24,-0.13,-0.26,0.48,0.12,0.03,-0.87,-0.01,0.86,-0.51,-0.00,101.11
0,4619,-0.93,-0.24,-0.13,-0.26,0.48,0.12,0.03,-0.87,-0.01,0.86,-0.51,-0.00,101.12
0,4624,-0.93,-0.24,-0.13,-0.26,0.48,0.12,0.03,-0.87,-0.01,0.86,-0.51,-0.00,101.11
0,4629,-0.93,-0.24,-0.13,-0.26,0.48,0.12,0.03,-0.87,-0.01,0.86,-0.51,-0.00,101.09
0,4644,-0.92,-0.23,-0.13,-0.27,0.48,0.12,0.03,-0.87,-0.01,0.86,-0.51,-0.00,101.11
0,4649,-0.92,-0.23,-0.13,-0.27,0.48,0.12,0.03,-0.87,-0.01,0.86,-0.51,-0.00,101.13
0,4654,-0.92,-0.23,-0.13,-0.27,0.48,0.12,0.03,-0.87,-0.01,0.86,-0.51,-0.00,101.11
0,4659,-0.92,-0.23,-0.13,-0.27,0.48,0.12,0.03,-0.87,-0.01,0.86,-0.51,-0.00,101.11
0,4669,-0.92,-0.23,-0.13,-0.28,0.48,0.12,0.03,-0.87,-0.01,0.86,-0.51,-0.00,101.13
0,4674,-0.92,-0.23,-0.14,-0.28,0.48,0.12,0.03,-0.87,-0.01,0.86,-0.51,-0.00,101.11
0,4679,-0.92,-0.23,-0.14,-0.28,0.48,0.12,0.03,-0.87,-0.01,0.86,-0.51,-0.00,101.12
0,4684,-0.92,-0.23,-0.14,-0.28,0.48,0.12,0.03,-0.87,-0.01,0.86,-0.51,-0.00,101.11
0,4699,-0.92,-0.23,-0.14,-0.29,0.48,0.12,0.03,-0.87,-0.01,0.86,-0.51,-0.00,101.11
0,4704,-0.92,-0.23,-0.14,-0.29,0.48,0.12,0.03,-0.87,-0.01,0.86,-0.51,-0.00,101.09
0,4709,-0.92,-0.23,-0.14,-0.29,0.48,0.12,0.03,-0.87,-0.01,0.86,-0.51,-0.00,101.11
0,4714,-0.92,-0.23,-0.14,-0.30,0.48,0.12,0.03,-0.87,-0.01,0.86,-0.51,-0.00,101.12
0,4724,-0.91,-0.22,-0.14,-0.30,0.48,0.12,0.03,-0.87,-0.01,0.86,-0.51,-0.00,101.09
0,4729,-0.91,-0.22,-0.14,-0.31,0.48,0.12,0.03,-0.87,-0.01,0.86,-0.51,-0.00,101.12
0,4734,-0.91,-0.22,-0.14,-0.31,0.48,0.12,0.03,-0.87,-0.01,0.86,-0.51,-0.00,101.12
0,4739,-0.91,-0.22,-0.14,-0.31,0.48,0.12,0.03,-0.87,-0.01,0.86,-0.51,-0.00,101.09
0,4759,-0.91,-0.21,-0.15,-0.33,0.48,0.12,0.03,-0.87,-0.01,0.86,-0.51,-0.00,101.09
0,4764,-0.91,-0.21,-0.15,-0.33,0.48,0.12,0.03,-0.87,-0.01,0.86,-0.51,-0.00,101.11
0,4769,-0.90,-0.21,-0.15,-0.34,0.48,0.12,0.03,-0.87,-0.01,0.86,-0.51,-0.00,101.11
0,4774,-0.90,-0.21,-0.15,-0.34,0.48,0.12,0.03,-0.87,-0.01,0.86,-0.51,-0.00,101.11
0,4779,-0.90,-0.21,-0.15,-0.34,0.48,0.12,0.03,-0.87,-0.01,0.86,-0.51,-0.00,101.11
0,4789,-0.90,-0.21,-0.15,-0.35,0.48,0.12,0.03,-0.87,-0.01,0.86,-0.51,-0.00,101.09
0,4794,-0.90,-0.21,-0.15,-0.36,0.48,0.12,0.03,-0.87,-0.01,0.86,-0.51,-0.00,101.11
0,4799,-0.89,-0.21,-0.15,-0.36,0.48,0.12,0.03,-0.87,-0.01,0.86,-0.51,-0.00,101.09
0,4814,-0.89,-0.20,-0.15,-0.38,0.48,0.12,0.03,-0.87,-0.01,0.86,-0.51,-0.00,101.13
0,4819,-0.88,-0.20,-0.15,-0.39,0.48,0.12,0.03,-0.87,-0.01,0.86,-0.51,-0.00,101.11
0,4824,-0.88,-0.20,-0.15,-0.40,0.48,0.12,0.03,-0.87,-0.01,0.86,-0.51,-0.00,101.11
0,4834,-0.88,-0.19,-0.15,-0.41,0.48,0.12,0.03,-0.87,-0.01,0.86,-0.51,-0.00,101.11
0,4844,-0.87,-0.19,-0.15,-0.43,0.48,0.12,0.03,-0.87,-0.01,0.86,-0.51,-0.00,101.13
0,4849,-0.87,-0.19,-0.16,-0.44,0.48,0.12,0.03,-0.87,-0.01,0.86,-0.51,-0.00,101.09
0,4854,-0.86,-0.18,-0.16,-0.45,0.48,0.12,0.03,-0.87,-0.01,0.86,-0.51,-0.00,101.11
0,4859,-0.86,-0.17,-0.16,-0.45,0.49,0.12,0.03,-0.87,-0.01,0.86,-0.51,-0.00,101.11
0,4869,-0.85,-0.17,-0.16,-0.47,0.49,0.12,0.03,-0.87,-0.01,0.86,-0.51,-0.00,101.07
0,4874,-0.85,-0.16,-0.16,-0.48,0.49,0.12,0.03,-0.87,-0.01,0.86,-0.51,-0.00,101.09
0,4879,-0.84,-0.16,-0.16,-0.49,0.49,0.12,0.03,-0.87,-0.01,0.86,-0.51,-0.00,101.12
0,4884,-0.84,-0.15,-0.17,-0.50,0.49,0.12,0.03,-0.87,-0.01,0.86,-0.51,-0.00,101.11
0,4894,-0.83,-0.14,-0.17,-0.51,0.49,0.12,0.03,-0.87,-0.01,0.86,-0.51,-0.00,101.11
0,4899,-0.82,-0.14,-0.17,-0.52,0.49,0.12,0.03,-0.87,-0.01,0.86,-0.51,-0.00,101.11
0,4904,-0.82,-0.14,-0.16,-0.53,0.49,0.12,0.03,-0.87,-0.01,0.86,-0.51,-0.00,101.11
0,4914,-0.81,-0.13,-0.16,-0.55,0.49,0.12,0.03,-0.87,-0.01,0.86,-0.51,-0.00,101.11
0,4924,-0.80,-0.12,-0.16,-0.57,0.49,0.12,0.03,-0.87,-0.01,0.86,-0.51,-0.00,101.13
0,4929,-0.79,-0.12,-0.16,-0.58,0.49,0.12,0.03,-0.87,-0.01,0.86,-0.51,-0.00,101.13
0,4939,-0.78,-0.11,-0.15,-0.60,0.49,0.12,0.03,-0.87,-0.01,0.86,-0.51,-0.00,101.11
0,4944,-0.77,-0.10,-0.15,-0.61,0.49,0.12,0.03,-0.87,-0.01,0.86,-0.51,-0.00,101.11
0,4954,-0.75,-0.09,-0.14,-0.63,0.49,0.12,0.03,-0.87,-0.01,0.86,-0.51,-0.00,101.11
0,4959,-0.75,-0.09,-0.14,-0.64,0.49,0.12,0.03,-0.87,-0.01,0.86,-0.51,-0.00,101.11
0,4974,-0.72,-0.08,-0.14,-0.67,0.49,0.12,0.03,-0.87,-0.01,0.86,-0.51,-0.00,101.11
0,4979,-0.72,-0.08,-0.14,-0.68,0.49,0.12,0.03,-0.87,-0.01,0.86,-0.51,-0.00,101.11
0,4984,-0.71,-0.08,-0.13,-0.69,0.49,0.12,0.03,-0.87,-0.01,0.86,-0.51,-0.00,101.11
0,4989,-0.70,-0.07,-0.13,-0.69,0.49,0.12,0.03,-0.87,-0.01,0.86,-0.51,-0.00,101.11
0,5004,-0.68,-0.07,-0.13,-0.71,0.49,0.12,0.03,-0.87,-0.01,0.86,-0.51,-0.00,101.11
0,5009,-0.68,-0.07,-0.13,-0.72,0.49,0.12,0.03,-0.87,-0.01,0.86,-0.51,-0.00,101.11
0,5019,-0.67,-0.06,-0.12,-0.73,0.49,0.12,0.03,-0.87,-0.01,0.86,-0.51,-0.00,101.12
0,5024,-0.67,-0.06,-0.12,-0.73,0.49,0.12,0.03,-0.87,-0.01,0.86,-0.51,-0.00,101.09
0,5034,-0.66,-0.06,-0.12,-0.74,0.49,0.12,0.03,-0.87,-0.01,0.86,-0.51,-0.00,101.11
0,5039,-0.65,-0.06,-0.12,-0.75,0.49,0.12,0.03,-0.87,-0.01,0.86,-0.51,-0.00,101.13
0,5049,-0.64,-0.06,-0.11,-0.75,0.49,0.12,0.03,-0.87,-0.01,0.86,-0.51,-0.00,101.12
0,5054,-0.64,-0.06,-0.11,-0.76,0.49,0.12,0.03,-0.87,-0.01,0.86,-0.51,-0.00,101.09
0,5059,-0.64,-0.06,-0.12,-0.76,0.49,0.12,0.03,-0.87,-0.01,0.86,-0.51,-0.00,101.14
0,5064,-0.63,-0.06,-0.12,-0.76,0.49,0.12,0.03,-0.87,-0.01,0.86,-0.51,-0.00,101.11
0,5074,-0.63,-0.06,-0.12,-0.77,0.49,0.12,0.03,-0.87,-0.01,0.86,-0.51,-0.00,101.09
0,5079,-0.63,-0.06,-0.12,-0.77,0.49,0.12,0.03,-0.87,-0.01,0.86,-0.51,-0.00,101.13
0,5084,-0.62,-0.06,-0.12,-0.77,0.49,0.12,0.03,-0.87,-0.01,0.86,-0.51,-0.00,101.13
0,5089,-0.62,-0.06,-0.12,-0.77,0.49,0.12,0.03,-0.87,-0.01,0.86,-0.51,-0.00,101.09
0,5099,-0.61,-0.06,-0.12,-0.78,0.49,0.12,0.03,-0.87,-0.01,0.86,-0.51,-0.00,101.07
0,5104,-0.61,-0.05,-0.12,-0.78,0.49,0.12,0.03,-0.87,-0.01,0.86,-0.51,-0.00,101.11
0,5114,-0.61,-0.05,-0.11,-0.78,0.49,0.12,0.03,-0.87,-0.01,0.86,-0.51,-0.00,101.14
0,5124,-0.61,-0.05,-0.11,-0.79,0.49,0.12,0.03,-0.87,-0.01,0.86,-0.51,-0.00,101.11
0,5134,-0.60,-0.05,-0.11,-0.79,0.49,0.12,0.03,-0.87,-0.01,0.86,-0.51,-0.00,101.11
0,5139,-0.60,-0.05,-0.11,-0.79,0.49,0.12,0.03,-0.87,-0.01,0.86,-0.51,-0.00,101.12
0,5144,-0.60,-0.05,-0.11,-0.79,0.49,0.12,0.03,-0.87,-0.01,0.86,-0.51,-0.00,101.11
0,5149,-0.60,-0.05,-0.11,-0.79,0.49,0.12,0.03,-0.87,-0.01,0.86,-0.51,-0.00,101.11
0,5159,-0.60,-0.05,-0.11,-0.79,0.49,0.12,0.03,-0.87,-0.01,0.86,-0.51,-0.00,101.11
0,5174,-0.61,-0.05,-0.11,-0.79,0.49,0.12,0.03,-0.87,-0.01,0.86,-0.51,-0.00,101.11
0,5179,-0.61,-0.05,-0.11,-0.79,0.49,0.12,0.03,-0.87,-0.01,0.86,-0.51,-0.00,101.11
0,5184,-0.61,-0.05,-0.11,-0.79,0.49,0.12,0.03,-0.87,-0.01,0.86,-0.51,-0.00,101.09
0,5194,-0.61,-0.05,-0.10,-0.79,0.49,0.12,0.03,-0.87,-0.01,0.86,-0.51,-0.00,101.11
0,5204,-0.61,-0.05,-0.10,-0.79,0.49,0.12,0.03,-0.87,-0.01,0.86,-0.51,-0.00,101.11
0,5209,-0.61,-0.05,-0.10,-0.79,0.49,0.12,0.03,-0.87,-0.01,0.86,-0.51,-0.00,101.13
0,5214,-0.61,-0.05,-0.10,-0.79,0.49,0.12,0.03,-0.87,-0.01,0.86,-0.51,-0.00,101.10
0,5224,-0.61,-0.05,-0.10,-0.79,0.49,0.12,0.03,-0.87,-0.01,0.86,-0.51,-0.00,101.10
0,5229,-0.61,-0.05,-0.10,-0.79,0.49,0.12,0.03,-0.87,-0.01,0.86,-0.51,-0.00,101.09
0,5239,-0.61,-0.05,-0.10,-0.79,0.49,0.12,0.03,-0.87,-0.01,0.86,-0.51,-0.00,101.11
0,5244,-0.61,-0.05,-0.10,-0.79,0.49,0.12,0.03,-0.87,-0.01,0.86,-0.51,-0.00,101.11
0,5254,-0.61,-0.05,-0.10,-0.79,0.49,0.12,0.03,-0.87,-0.01,0.86,-0.51,-0.00,101.11
0,5259,-0.61,-0.05,-0.10,-0.79,0.49,0.12,0.03,-0.87,-0.01,0.86,-0.51,-0.00,101.13
0,5264,-0.61,-0.05,-0.10,-0.79,0.49,0.12,0.03,-0.87,-0.01,0.86,-0.51,-0.00,101.15
0,5269,-0.61,-0.05,-0.10,-0.79,0.49,0.12,0.03,-0.87,-0.01,0.86,-0.51,-0.00,101.13
0,5274,-0.61,-0.05,-0.10,-0.79,0.49,0.12,0.03,-0.87,-0.01,0.86,-0.51,-0.00,101.11
0,5279,-0.61,-0.05,-0.10,-0.79,0.49,0.12,0.03,-0.87,-0.01,0.86,-0.51,-0.00,101.11
0,5289,-0.61,-0.05,-0.10,-0.79,0.49,0.12,0.03,-0.87,-0.01,0.86,-0.51,-0.00,101.14
0,5294,-0.61,-0.05,-0.10,-0.79,0.49,0.12,0.03,-0.87,-0.01,0.86,-0.51,-0.00,101.11
0,5304,-0.61,-0.05,-0.10,-0.79,0.49,0.12,0.03,-0.87,-0.01,0.86,-0.51,-0.00,101.11
0,5309,-0.61,-0.05,-0.10,-0.79,0.49,0.12,0.03,-0.87,-0.01,0.86,-0.51,-0.00,101.13
0,5319,-0.61,-0.05,-0.10,-0.79,0.49,0.12,0.03,-0.87,-0.01,0.86,-0.51,-0.00,101.09
0,5324,-0.61,-0.05,-0.10,-0.79,0.49,0.12,0.03,-0.87,-0.01,0.86,-0.51,-0.00,101.11
0,5334,-0.61,-0.05,-0.10,-0.79,0.49,0.12,0.03,-0.87,-0.01,0.86,-0.51,-0.00,101.13
0,5339,-0.61,-0.05,-0.10,-0.79,0.49,0.12,0.03,-0.87,-0.01,0.86,-0.51,-0.00,101.11
0,5344,-0.61,-0.05,-0.10,-0.79,0.49,0.12,0.03,-0.87,-0.01,0.86,-0.51,-0.00,101.11
0,5349,-0.61,-0.05,-0.10,-0.79,0.49,0.12,0.03,-0.87,-0.01,0.86,-0.51,-0.00,101.11
0,5359,-0.61,-0.05,-0.10,-0.79,0.49,0.12,0.03,-0.87,-0.01,0.86,-0.51,-0.00,101.09
0,5364,-0.61,-0.05,-0.10,-0.79,0.49,0.12,0.03,-0.87,-0.01,0.86,-0.51,-0.00,101.13
0,5369,-0.61,-0.05,-0.10,-0.79,0.49,0.12,0.03,-0.87,-0.01,0.86,-0.51,-0.00,101.12
0,5384,-0.61,-0.05,-0.10,-0.79,0.49,0.12,0.03,-0.87,-0.01,0.86,-0.51,-0.00,101.13
0,5389,-0.61,-0.05,-0.10,-0.79,0.49,0.12,0.03,-0.87,-0.01,0.86,-0.51,-0.00,101.09
0,5394,-0.61,-0.05,-0.10,-0.79,0.49,0.12,0.03,-0.87,-0.01,0.86,-0.51,-0.00,101.12
0,5399,-0.61,-0.05,-0.10,-0.79,0.49,0.12,0.03,-0.87,-0.01,0.86,-0.51,-0.00,101.11
0,5409,-0.61,-0.05,-0.10,-0.79,0.49,0.12,0.03,-0.87,-0.01,0.86,-0.51,-0.00,101.11
0,5414,-0.61,-0.05,-0.10,-0.79,0.49,0.12,0.03,-0.87,-0.01,0.86,-0.51,-0.00,101.11
0,5419,-0.61,-0.05,-0.10,-0.79,0.49,0.12,0.03,-0.87,-0.01,0.86,-0.51,-0.00,101.13
0,5424,-0.61,-0.05,-0.10,-0.79,0.49,0.12,0.03,-0.87,-0.01,0.86,-0.51,-0.00,101.11
0,5429,-0.61,-0.05,-0.10,-0.79,0.49,0.12,0.03,-0.87,-0.01,0.86,-0.51,-0.00,101.13
0,5439,-0.61,-0.05,-0.10,-0.79,0.49,0.12,0.03,-0.87,-0.01,0.86,-0.51,-0.00,101.09
0,5444,-0.61,-0.05,-0.10,-0.79,0.49,0.12,0.03,-0.87,-0.01,0.86,-0.51,-0.00,101.13
0,5449,-0.61,-0.05,-0.10,-0.79,0.49,0.12,0.03,-0.87,-0.01,0.86,-0.51,-0.00,101.11
0,5454,-0.61,-0.05,-0.10,-0.79,0.49,0.12,0.03,-0.87,-0.01,0.86,-0.51,-0.00,101.11
0,5469,-0.61,-0.05,-0.10,-0.79,0.49,0.12,0.03,-0.87,-0.01,0.86,-0.51,-0.00,101.11
0,5474,-0.61,-0.05,-0.10,-0.79,0.49,0.12,0.03,-0.87,-0.01,0.86,-0.51,-0.00,101.11
0,5479,-0.61,-0.05,-0.10,-0.79,0.49,0.12,0.03,-0.87,-0.01,0.86,-0.51,-0.00,101.12
0,5489,-0.61,-0.05,-0.10,-0.79,0.49,0.12,0.03,-0.87,-0.01,0.86,-0.51,-0.00,101.14
0,5494,-0.61,-0.05,-0.10,-0.79,0.49,0.12,0.03,-0.87,-0.01,0.86,-0.51,-0.00,101.12
0,5499,-0.61,-0.05,-0.10,-0.79,0.49,0.12,0.03,-0.87,-0.01,0.86,-0.51,-0.00,101.12
0,5504,-0.61,-0.05,-0.10,-0.79,0.49,0.12,0.03,-0.87,-0.01,0.86,-0.51,-0.00,101.14
0,5509,-0.61,-0.05,-0.10,-0.79,0.49,0.12,0.03,-0.87,-0.01,0.86,-0.51,-0.00,101.13
0,5524,-0.61,-0.05,-0.10,-0.79,0.49,0.12,0.03,-0.87,-0.01,0.86,-0.51,-0.00,101.13
0,5529,-0.61,-0.05,-0.10,-0.79,0.49,0.12,0.03,-0.87,-0.01,0.86,-0.51,-0.00,101.13
0,5534,-0.61,-0.05,-0.10,-0.79,0.49,0.12,0.03,-0.87,-0.01,0.86,-0.51,-0.00,101.09
0,5539,-0.61,-0.05,-0.10,-0.79,0.49,0.12,0.03,-0.87,-0.01,0.86,-0.51,-0.00,101.12
0,5549,-0.60,-0.05,-0.10,-0.79,0.49,0.12,0.03,-0.87,-0.01,0.86,-0.51,-0.00,101.11
0,5554,-0.60,-0.05,-0.10,-0.79,0.49,0.12,0.03,-0.87,-0.01,0.86,-0.51,-0.00,101.11
0,5559,-0.60,-0.05,-0.10,-0.79,0.49,0.12,0.03,-0.87,-0.01,0.86,-0.51,-0.00,101.13
0,5564,-0.60,-0.05,-0.10,-0.79,0.49,0.12,0.03,-0.87,-0.01,0.86,-0.51,-0.00,101.11
0,5579,-0.60,-0.05,-0.10,-0.79,0.49,0.12,0.03,-0.87,-0.01,0.86,-0.51,-0.00,101.11
0,5584,-0.60,-0.05,-0.10,-0.79,0.49,0.12,0.03,-0.87,-0.01,0.86,-0.51,-0.00,101.11
0,5589,-0.60,-0.05,-0.10,-0.79,0.49,0.12,0.03,-0.87,-0.01,0.86,-0.51,-0.00,101.11
0,5594,-0.60,-0.05,-0.10,-0.79,0.49,0.12,0.03,-0.87,-0.01,0.86,-0.51,-0.00,101.12
0,5609,-0.60,-0.05,-0.10,-0.79,0.49,0.12,0.03,-0.87,-0.01,0.86,-0.51,-0.00,101.11
0,5614,-0.60,-0.05,-0.10,-0.79,0.49,0.12,0.03,-0.87,-0.01,0.86,-0.51,-0.00,101.11
0,5619,-0.60,-0.05,-0.10,-0.79,0.49,0.12,0.03,-0.87,-0.01,0.86,-0.51,-0.00,101.11
0,5629,-0.60,-0.05,-0.10,-0.79,0.49,0.12,0.03,-0.87,-0.01,0.86,-0.51,-0.00,101.09
0,5639,-0.60,-0.05,-0.10,-0.79,0.49,0.12,0.03,-0.87,-0.01,0.86,-0.51,-0.00,101.11
0,5644,-0.60,-0.05,-0.10,-0.79,0.49,0.12,0.03,-0.87,-0.01,0.86,-0.51,-0.00,101.11
0,5649,-0.60,-0.05,-0.10,-0.79,0.49,0.12,0.03,-0.87,-0.01,0.86,-0.51,-0.00,101.07
0,5654,-0.60,-0.05,-0.10,-0.79,0.49,0.12,0.03,-0.87,-0.01,0.86,-0.51,-0.00,101.11
0,5659,-0.60,-0.05,-0.10,-0.79,0.49,0.12,0.03,-0.87,-0.01,0.86,-0.51,-0.00,101.11
0,5674,-0.60,-0.05,-0.10,-0.79,0.49,0.12,0.03,-0.87,-0.01,0.86,-0.51,-0.00,101.09
0,5679,-0.60,-0.05,-0.10,-0.79,0.49,0.12,0.03,-0.87,-0.01,0.86,-0.51,-0.00,101.13
0,5684,-0.60,-0.05,-0.10,-0.79,0.49,0.12,0.03,-0.87,-0.01,0.86,-0.51,-0.00,101.11
0,5689,-0.60,-0.05,-0.10,-0.79,0.49,0.12,0.03,-0.87,-0.01,0.86,-0.51,-0.00,101.11
0,5694,-0.60,-0.05,-0.10,-0.79,0.49,0.12,0.03,-0.87,-0.01,0.86,-0.51,-0.00,101.14
0,5699,-0.60,-0.05,-0.10,-0.79,0.49,0.12,0.03,-0.87,-0.01,0.86,-0.51,-0.00,101.11
0,5709,-0.60,-0.05,-0.10,-0.79,0.49,0.12,0.03,-0.87,-0.01,0.86,-0.51,-0.00,101.13
0,5719,-0.60,-0.05,-0.10,-0.79,0.49,0.12,0.03,-0.87,-0.01,0.86,-0.51,-0.00,101.11
0,5729,-0.60,-0.05,-0.10,-0.79,0.49,0.12,0.03,-0.87,-0.01,0.86,-0.51,-0.00,101.09
0,5734,-0.60,-0.05,-0.10,-0.79,0.49,0.12,0.03,-0.87,-0.01,0.86,-0.51,-0.00,101.13
0,5744,-0.60,-0.05,-0.10,-0.79,0.49,0.12,0.03,-0.87,-0.01,0.86,-0.51,-0.00,101.13
0,5749,-0.60,-0.05,-0.10,-0.79,0.49,0.12,0.03,-0.87,-0.01,0.86,-0.51,-0.00,101.12
0,5754,-0.60,-0.05,-0.10,-0.79,0.49,0.12,0.03,-0.87,-0.01,0.86,-0.51,-0.00,101.11
0,5759,-0.60,-0.05,-0.10,-0.79,0.49,0.12,0.03,-0.87,-0.01,0.86,-0.51,-0.00,101.13
0,5769,-0.60,-0.05,-0.10,-0.79,0.49,0.12,0.03,-0.87,-0.01,0.86,-0.51,-0.00,101.11
0,5784,-0.60,-0.05,-0.10,-0.79,0.49,0.12,0.03,-0.87,-0.01,0.86,-0.51,-0.00,101.11
0,5789,-0.60,-0.05,-0.10,-0.79,0.49,0.12,0.03,-0.87,-0.01,0.86,-0.51,-0.00,101.11
0,5794,-0.60,-0.05,-0.10,-0.79,0.49,0.12,0.03,-0.87,-0.01,0.86,-0.51,-0.00,101.09
0,5799,-0.60,-0.05,-0.10,-0.79,0.49,0.12,0.03,-0.87,-0.01,0.86,-0.51,-0.00,101.11
0,5804,-0.60,-0.05,-0.10,-0.79,0.49,0.12,0.03,-0.87,-0.01,0.86,-0.51,-0.00,101.13
0,5809,-0.60,-0.05,-0.10,-0.79,0.49,0.12,0.03,-0.87,-0.01,0.86,-0.51,-0.00,101.10
0,5814,-0.60,-0.05,-0.10,-0.79,0.49,0.12,0.03,-0.87,-0.01,0.86,-0.51,-0.00,101.11
0,5839,-0.60,-0.05,-0.10,-0.79,0.49,0.12,0.03,-0.87,-0.01,0.86,-0.51,-0.00,101.09
0,5844,-0.60,-0.05,-0.10,-0.79,0.49,0.12,0.03,-0.87,-0.01,0.86,-0.51,-0.00,101.11
0,5849,-0.60,-0.05,-0.10,-0.79,0.49,0.12,0.03,-0.87,-0.01,0.86,-0.51,-0.00,101.11
0,5854,-0.60,-0.05,-0.10,-0.79,0.49,0.12,0.03,-0.87,-0.01,0.86,-0.51,-0.00,101.11
0,5864,-0.60,-0.05,-0.10,-0.79,0.49,0.12,0.03,-0.86,-0.01,0.86,-0.51,-0.00,101.11
0,5869,-0.60,-0.05,-0.10,-0.79,0.49,0.12,0.03,-0.86,-0.01,0.86,-0.51,-0.00,101.11
0,5874,-0.61,-0.05,-0.10,-0.79,0.49,0.12,0.03,-0.86,-0.01,0.86,-0.51,-0.00,101.11
0,5884,-0.61,-0.05,-0.10,-0.79,0.49,0.12,0.03,-0.86,-0.01,0.86,-0.51,-0.00,101.11
0,5894,-0.61,-0.05,-0.10,-0.79,0.49,0.12,0.03,-0.86,-0.01,0.86,-0.51,-0.00,101.11
0,5899,-0.61,-0.05,-0.10,-0.79,0.49,0.12,0.03,-0.86,-0.01,0.86,-0.51,-0.00,101.12
0,5909,-0.61,-0.05,-0.10,-0.79,0.49,0.12,0.03,-0.86,-0.01,0.86,-0.51,-0.00,101.13
0,5914,-0.61,-0.05,-0.10,-0.78,0.49,0.12,0.03,-0.86,-0.01,0.86,-0.51,-0.00,101.09
0,5924,-0.61,-0.06,-0.10,-0.78,0.49,0.12,0.03,-0.86,-0.01,0.86,-0.51,-0.00,101.12
0,5929,-0.61,-0.06,-0.10,-0.78,0.49,0.12,0.03,-0.86,-0.01,0.86,-0.51,-0.00,101.11
0,5944,-0.62,-0.06,-0.10,-0.77,0.49,0.12,0.03,-0.86,-0.01,0.86,-0.51,-0.00,101.11
0,5949,-0.62,-0.06,-0.10,-0.77,0.49,0.12,0.03,-0.86,-0.01,0.86,-0.51,-0.00,101.11
0,5959,-0.63,-0.07,-0.10,-0.76,0.49,0.12,0.03,-0.86,-0.01,0.86,-0.51,-0.00,101.11
0,5964,-0.64,-0.07,-0.10,-0.76,0.49,0.12,0.03,-0.86,-0.01,0.86,-0.51,-0.00,101.12
0,5969,-0.64,-0.07,-0.10,-0.75,0.49,0.12,0.03,-0.86,-0.01,0.86,-0.51,-0.00,101.13
0,5974,-0.65,-0.07,-0.10,-0.75,0.49,0.12,0.03,-0.86,-0.01,0.86,-0.51,-0.00,101.13
0,5984,-0.66,-0.08,-0.10,-0.74,0.49,0.12,0.03,-0.87,-0.01,0.86,-0.51,-0.00,101.09
0,5989,-0.67,-0.08,-0.11,-0.73,0.49,0.12,0.03,-0.87,-0.01,0.86,-0.51,-0.00,101.11
0,5999,-0.68,-0.09,-0.11,-0.71,0.49,0.12,0.03,-0.87,-0.01,0.86,-0.51,-0.00,101.11
0,6004,-0.69,-0.09,-0.11,-0.71,0.49,0.12,0.03,-0.87,-0.01,0.86,-0.51,-0.00,101.13
0,6009,-0.70,-0.10,-0.11,-0.70,0.49,0.12,0.03,-0.87,-0.01,0.86,-0.51,-0.00,101.09
0,6014,-0.71,-0.10,-0.11,-0.69,0.49,0.12,0.03,-0.87,-0.01,0.86,-0.51,-0.00,101.11
0,6024,-0.73,-0.11,-0.11,-0.67,0.49,0.12,0.03,-0.87,-0.01,0.86,-0.51,-0.00,101.12
0,6029,-0.74,-0.11,-0.11,-0.66,0.49,0.12,0.03,-0.87,-0.01,0.86,-0.51,-0.00,101.13
0,6039,-0.75,-0.12,-0.11,-0.64,0.49,0.12,0.03,-0.87,-0.01,0.86,-0.51,-0.00,101.11
0,6044,-0.76,-0.13,-0.11,-0.62,0.49,0.12,0.03,-0.87,-0.01,0.86,-0.51,-0.00,101.11
0,6054,-0.78,-0.13,-0.10,-0.60,0.49,0.12,0.03,-0.87,-0.01,0.86,-0.51,-0.00,101.11
0,6059,-0.79,-0.14,-0.10,-0.59,0.49,0.12,0.03,-0.87,-0.01,0.86,-0.51,-0.00,101.11
0,6069,-0.81,-0.14,-0.10,-0.56,0.49,0.12,0.03,-0.87,-0.01,0.86,-0.51,-0.00,101.09
0,6074,-0.81,-0.15,-0.10,-0.55,0.49,0.12,0.03,-0.87,-0.01,0.86,-0.51,-0.00,101.09
0,6079,-0.82,-0.15,-0.10,-0.54,0.49,0.12,0.03,-0.87,-0.01,0.86,-0.51,-0.00,101.06
0,6089,-0.84,-0.16,-0.10,-0.51,0.49,0.12,0.03,-0.87,-0.01,0.86,-0.51,-0.00,101.12
0,6094,-0.85,-0.16,-0.10,-0.50,0.48,0.12,0.03,-0.87,-0.01,0.86,-0.51,-0.00,101.11
0,6099,-0.85,-0.16,-0.10,-0.49,0.48,0.12,0.03,-0.87,-0.01,0.86,-0.51,-0.00,101.11
0,6104,-0.86,-0.17,-0.09,-0.47,0.48,0.12,0.03,-0.87,-0.01,0.86,-0.51,-0.00,101.09
0,6114,-0.87,-0.17,-0.09,-0.45,0.48,0.12,0.03,-0.87,-0.01,0.86,-0.51,-0.00,101.13
0,6119,-0.88,-0.17,-0.09,-0.44,0.48,0.12,0.03,-0.87,-0.01,0.86,-0.51,-0.00,101.13
0,6124,-0.88,-0.17,-0.09,-0.43,0.48,0.12,0.03,-0.87,-0.01,0.86,-0.51,-0.00,101.09
0,6129,-0.89,-0.17,-0.09,-0.42,0.48,0.12,0.03,-0.87,-0.01,0.86,-0.51,-0.00,101.12
0,6134,-0.89,-0.17,-0.08,-0.41,0.48,0.12,0.03,-0.87,-0.01,0.86,-0.51,-0.00,101.11
0,6144,-0.90,-0.17,-0.08,-0.40,0.48,0.12,0.03,-0.87,-0.01,0.86,-0.51,-0.00,101.09
0,6149,-0.90,-0.17,-0.08,-0.39,0.48,0.12,0.03,-0.87,-0.01,0.86,-0.51,-0.00,101.10
0,6154,-0.90,-0.17,-0.08,-0.39,0.48,0.12,0.03,-0.87,-0.01,0.86,-0.51,-0.00,101.12
0,6159,-0.90,-0.17,-0.08,-0.38,0.48,0.12,0.03,-0.87,-0.01,0.86,-0.51,-0.00,101.13
0,6169,-0.91,-0.17,-0.07,-0.37,0.48,0.12,0.03,-0.87,-0.01,0.86,-0.51,-0.00,101.09
0,6174,-0.91,-0.17,-0.07,-0.37,0.48,0.12,0.03,-0.87,-0.01,0.86,-0.51,-0.00,101.11
0,6179,-0.91,-0.17,-0.07,-0.37,0.48,0.12,0.03,-0.87,-0.01,0.86,-0.51,-0.00,101.12
0,6184,-0.91,-0.17,-0.07,-0.37,0.48,0.12,0.03,-0.87,-0.01,0.86,-0.51,-0.00,101.12
0,6199,-0.91,-0.17,-0.07,-0.36,0.48,0.12,0.03,-0.87,-0.01,0.86,-0.51,-0.00,101.11
0,6204,-0.91,-0.17,-0.07,-0.36,0.48,0.12,0.03,-0.87,-0.01,0.86,-0.51,-0.00,101.11
0,6209,-0.92,-0.17,-0.07,-0.36,0.48,0.12,0.03,-0.87,-0.01,0.86,-0.51,-0.00,101.12
0,6214,-0.92,-0.17,-0.07,-0.36,0.48,0.12,0.03,-0.87,-0.01,0.86,-0.51,-0.00,101.09
0,6229,-0.92,-0.16,-0.06,-0.35,0.48,0.12,0.03,-0.87,-0.01,0.86,-0.51,-0.00,101.11
0,6234,-0.92,-0.16,-0.06,-0.35,0.48,0.12,0.03,-0.87,-0.01,0.86,-0.51,-0.00,101.12
0,6239,-0.92,-0.16,-0.06,-0.35,0.48,0.12,0.03,-0.87,-0.01,0.86,-0.51,-0.00,101.11
0,6244,-0.92,-0.16,-0.06,-0.35,0.48,0.12,0.03,-0.87,-0.01,0.86,-0.51,-0.00,101.10
0,6259,-0.92,-0.16,-0.06,-0.35,0.48,0.12,0.03,-0.87,-0.01,0.86,-0.51,-0.00,101.11
0,6264,-0.92,-0.16,-0.06,-0.35,0.48,0.12,0.03,-0.87,-0.01,0.86,-0.51,-0.00,101.09
0,6269,-0.92,-0.16,-0.06,-0.35,0.48,0.12,0.03,-0.87,-0.01,0.86,-0.51,-0.00,101.09
0,6274,-0.92,-0.16,-0.06,-0.35,0.48,0.12,0.03,-0.87,-0.01,0.86,-0.51,-0.00,101.12
0,6284,-0.92,-0.16,-0.06,-0.34,0.48,0.12,0.03,-0.87,-0.01,0.86,-0.51,-0.00,101.11
0,6289,-0.92,-0.16,-0.06,-0.34,0.48,0.12,0.03,-0.87,-0.01,0.86,-0.51,-0.00,101.09
0,6294,-0.92,-0.16,-0.06,-0.34,0.48,0.12,0.03,-0.87,-0.01,0.86,-0.51,-0.00,101.10
0,6309,-0.92,-0.16,-0.06,-0.34,0.48,0.12,0.03,-0.87,-0.01,0.86,-0.51,-0.00,101.11
0,6324,-0.92,-0.15,-0.06,-0.34,0.48,0.12,0.03,-0.87,-0.01,0.86,-0.51,-0.00,101.11
0,6329,-0.92,-0.15,-0.06,-0.34,0.48,0.12,0.03,-0.87,-0.01,0.86,-0.51,-0.00,101.09
0,6334,-0.92,-0.15,-0.06,-0.34,0.48,0.12,0.03,-0.87,-0.01,0.86,-0.51,-0.00,101.12
0,6349,-0.92,-0.16,-0.06,-0.34,0.48,0.12,0.03,-0.87,-0.01,0.86,-0.51,-0.00,101.11
0,6359,-0.92,-0.16,-0.06,-0.34,0.48,0.12,0.03,-0.87,-0.01,0.86,-0.51,-0.00,101.11
0,6364,-0.92,-0.16,-0.06,-0.34,0.48,0.12,0.03,-0.87,-0.01,0.86,-0.51,-0.00,101.11
0,6369,-0.92,-0.15,-0.06,-0.34,0.48,0.12,0.03,-0.87,-0.01,0.86,-0.51,-0.00,101.09
0,6374,-0.92,-0.15,-0.06,-0.34,0.48,0.12,0.03,-0.87,-0.01,0.86,-0.51,-0.00,101.11
0,6384,-0.92,-0.15,-0.06,-0.34,0.48,0.12,0.03,-0.87,-0.01,0.86,-0.51,-0.00,101.07
0,6389,-0.92,-0.15,-0.06,-0.34,0.48,0.12,0.03,-0.87,-0.01,0.86,-0.51,-0.00,101.09
0,6399,-0.92,-0.15,-0.06,-0.34,0.48,0.12,0.03,-0.87,-0.01,0.86,-0.51,-0.00,101.12
0,6404,-0.92,-0.15,-0.06,-0.34,0.48,0.12,0.03,-0.87,-0.01,0.86,-0.51,-0.00,101.11
0,6409,-0.92,-0.15,-0.06,-0.34,0.48,0.12,0.03,-0.87,-0.01,0.86,-0.51,-0.00,101.11
0,6414,-0.92,-0.15,-0.05,-0.34,0.48,0.12,0.03,-0.87,-0.01,0.86,-0.51,-0.00,101.11
0,6419,-0.92,-0.15,-0.05,-0.34,0.48,0.12,0.03,-0.87,-0.01,0.86,-0.51,-0.00,101.11
0,6424,-0.92,-0.15,-0.05,-0.34,0.48,0.12,0.03,-0.87,-0.01,0.86,-0.51,-0.00,101.11
0,6434,-0.92,-0.15,-0.05,-0.34,0.48,0.12,0.03,-0.87,-0.01,0.86,-0.51,-0.00,101.11
0,6439,-0.92,-0.15,-0.05,-0.34,0.48,0.12,0.03,-0.87,-0.01,0.86,-0.51,-0.00,101.11
0,6444,-0.92,-0.15,-0.05,-0.34,0.48,0.12,0.03,-0.87,-0.01,0.86,-0.51,-0.00,101.14
0,6454,-0.92,-0.15,-0.05,-0.35,0.48,0.12,0.03,-0.87,-0.01,0.86,-0.51,-0.00,101.09
0,6464,-0.92,-0.15,-0.05,-0.35,0.48,0.12,0.03,-0.87,-0.01,0.86,-0.51,-0.00,101.11
0,6469,-0.92,-0.15,-0.05,-0.35,0.48,0.12,0.03,-0.87,-0.01,0.86,-0.51,-0.00,101.11
0,6474,-0.92,-0.15,-0.05,-0.35,0.48,0.12,0.03,-0.87,-0.01,0.86,-0.51,-0.00,101.11
0,6479,-0.92,-0.15,-0.05,-0.35,0.48,0.12,0.03,-0.87,-0.01,0.86,-0.51,-0.00,101.11
0,6494,-0.92,-0.15,-0.05,-0.35,0.48,0.12,0.03,-0.87,-0.01,0.86,-0.51,-0.00,101.11
0,6499,-0.92,-0.15,-0.05,-0.35,0.48,0.12,0.03,-0.87,-0.01,0.86,-0.51,-0.00,101.09
0,6504,-0.92,-0.15,-0.05,-0.35,0.48,0.12,0.03,-0.87,-0.01,0.86,-0.51,-0.00,101.11
0,6514,-0.92,-0.15,-0.05,-0.35,0.48,0.12,0.03,-0.87,-0.01,0.86,-0.51,-0.00,101.14
0,6524,-0.92,-0.15,-0.05,-0.35,0.48,0.12,0.03,-0.87,-0.01,0.86,-0.51,-0.00,101.13
0,6529,-0.92,-0.15,-0.05,-0.35,0.48,0.12,0.03,-0.87,-0.01,0.86,-0.51,-0.00,101.11
0,6534,-0.92,-0.15,-0.05,-0.35,0.48,0.12,0.03,-0.87,-0.01,0.86,-0.51,-0.00,101.09
0,6544,-0.92,-0.15,-0.05,-0.35,0.48,0.12,0.03,-0.87,-0.01,0.86,-0.51,-0.00,101.09
0,6554,-0.92,-0.15,-0.05,-0.35,0.48,0.12,0.03,-0.87,-0.01,0.86,-0.51,-0.00,101.11
0,6559,-0.92,-0.15,-0.05,-0.35,0.48,0.12,0.03,-0.87,-0.01,0.86,-0.51,-0.00,101.11
0,6564,-0.92,-0.15,-0.05,-0.35,0.48,0.12,0.03,-0.87,-0.01,0.86,-0.51,-0.00,101.11
0,6569,-0.92,-0.15,-0.05,-0.35,0.48,0.12,0.03,-0.87,-0.01,0.86,-0.51,-0.00,101.11
0,6579,-0.92,-0.15,-0.05,-0.35,0.48,0.12,0.03,-0.87,-0.01,0.86,-0.51,-0.00,101.12
0,6584,-0.92,-0.15,-0.05,-0.35,0.48,0.12,0.03,-0.87,-0.01,0.86,-0.51,-0.00,101.11
0,6589,-0.92,-0.15,-0.05,-0.35,0.48,0.12,0.03,-0.87,-0.01,0.86,-0.51,-0.00,101.13
0,6599,-0.92,-0.15,-0.05,-0.35,0.48,0.12,0.03,-0.87,-0.01,0.86,-0.51,-0.00,101.10
0,6604,-0.92,-0.15,-0.05,-0.35,0.48,0.12,0.03,-0.87,-0.01,0.86,-0.51,-0.00,101.12
0,6609,-0.92,-0.15,-0.05,-0.35,0.48,0.12,0.03,-0.87,-0.01,0.86,-0.51,-0.00,101.10
0,6614,-0.92,-0.15,-0.05,-0.35,0.48,0.12,0.03,-0.87,-0.01,0.86,-0.51,-0.00,101.11
0,6624,-0.92,-0.15,-0.05,-0.35,0.48,0.12,0.03,-0.87,-0.01,0.86,-0.51,-0.00,101.10
0,6634,-0.92,-0.15,-0.05,-0.35,0.48,0.12,0.03,-0.87,-0.01,0.86,-0.51,-0.00,101.12
0,6639,-0.92,-0.15,-0.05,-0.35,0.48,0.12,0.03,-0.87,-0.01,0.86,-0.51,-0.00,101.09
0,6644,-0.92,-0.15,-0.05,-0.35,0.48,0.12,0.03,-0.87,-0.01,0.86,-0.51,-0.00,101.12
0,6659,-0.92,-0.15,-0.05,-0.35,0.48,0.12,0.03,-0.87,-0.01,0.86,-0.51,-0.00,101.07
0,6669,-0.92,-0.15,-0.05,-0.35,0.48,0.12,0.03,-0.87,-0.01,0.86,-0.51,-0.00,101.13
0,6674,-0.92,-0.15,-0.05,-0.35,0.48,0.12,0.03,-0.87,-0.01,0.86,-0.51,-0.00,101.11
0,6679,-0.92,-0.15,-0.05,-0.35,0.48,0.12,0.03,-0.87,-0.01,0.86,-0.51,-0.00,101.14
0,6684,-0.92,-0.15,-0.05,-0.35,0.48,0.12,0.03,-0.87,-0.01,0.86,-0.51,-0.00,101.11
0,6694,-0.92,-0.15,-0.05,-0.35,0.48,0.12,0.03,-0.87,-0.01,0.86,-0.51,-0.00,101.10
0,6699,-0.92,-0.15,-0.05,-0.35,0.48,0.12,0.03,-0.87,-0.01,0.86,-0.51,-0.00,101.11
0,6714,-0.92,-0.15,-0.05,-0.35,0.48,0.12,0.03,-0.87,-0.01,0.86,-0.51,-0.00,101.09
0,6719,-0.92,-0.15,-0.05,-0.35,0.48,0.12,0.03,-0.87,-0.01,0.86,-0.51,-0.00,101.09
0,6724,-0.92,-0.15,-0.05,-0.35,0.48,0.12,0.03,-0.87,-0.01,0.86,-0.51,-0.00,101.09
0,6729,-0.92,-0.15,-0.05,-0.35,0.48,0.12,0.03,-0.87,-0.01,0.86,-0.51,-0.00,101.09
0,6734,-0.92,-0.14,-0.05,-0.35,0.48,0.12,0.03,-0.87,-0.01,0.86,-0.51,-0.00,101.11
0,6744,-0.92,-0.14,-0.05,-0.35,0.48,0.12,0.03,-0.87,-0.01,0.86,-0.51,-0.00,101.12
0,6754,-0.92,-0.14,-0.05,-0.35,0.48,0.12,0.03,-0.87,-0.01,0.86,-0.51,-0.00,101.10
0,6759,-0.92,-0.14,-0.05,-0.35,0.48,0.12,0.03,-0.87,-0.01,0.86,-0.51,-0.00,101.11
0,6764,-0.92,-0.14,-0.05,-0.35,0.48,0.12,0.03,-0.87,-0.01,0.86,-0.51,-0.00,101.09
0,6769,-0.92,-0.14,-0.05,-0.35,0.48,0.12,0.03,-0.87,-0.01,0.86,-0.51,-0.00,101.07
0,6779,-0.92,-0.14,-0.05,-0.35,0.48,0.12,0.03,-0.87,-0.01,0.86,-0.51,-0.00,101.13
0,6784,-0.92,-0.14,-0.05,-0.35,0.48,0.12,0.03,-0.87,-0.01,0.86,-0.51,-0.00,101.14
0,6789,-0.92,-0.14,-0.05,-0.35,0.48,0.12,0.03,-0.87,-0.01,0.86,-0.51,-0.00,101.13
0,6804,-0.92,-0.14,-0.05,-0.35,0.48,0.12,0.03,-0.87,-0.01,0.86,-0.51,-0.00,101.09
0,6814,-0.92,-0.14,-0.05,-0.35,0.48,0.12,0.03,-0.87,-0.01,0.86,-0.51,-0.00,101.12
0,6819,-0.92,-0.14,-0.05,-0.35,0.48,0.12,0.03,-0.87,-0.01,0.86,-0.51,-0.00,101.11
0,6824,-0.92,-0.14,-0.05,-0.35,0.48,0.12,0.03,-0.87,-0.01,0.86,-0.51,-0.00,101.11
0,6829,-0.92,-0.14,-0.05,-0.35,0.48,0.12,0.03,-0.87,-0.01,0.86,-0.51,-0.00,101.12
0,6839,-0.92,-0.14,-0.05,-0.35,0.48,0.12,0.03,-0.87,-0.01,0.86,-0.51,-0.00,101.11
0,6844,-0.92,-0.14,-0.05,-0.35,0.48,0.12,0.03,-0.87,-0.01,0.86,-0.51,-0.00,101.11
0,6854,-0.92,-0.14,-0.05,-0.35,0.48,0.12,0.03,-0.87,-0.01,0.86,-0.51,-0.00,101.09
0,6859,-0.92,-0.14,-0.05,-0.35,0.48,0.12,0.03,-0.87,-0.01,0.86,-0.51,-0.00,101.09
0,6864,-0.92,-0.14,-0.05,-0.35,0.48,0.12,0.03,-0.87,-0.01,0.86,-0.51,-0.00,101.15
0,6869,-0.92,-0.14,-0.05,-0.35,0.48,0.12,0.03,-0.87,-0.01,0.86,-0.51,-0.00,101.09
0,6874,-0.92,-0.14,-0.05,-0.35,0.48,0.12,0.03,-0.87,-0.01,0.86,-0.51,-0.00,101.10
0,6889,-0.92,-0.14,-0.05,-0.36,0.48,0.12,0.03,-0.87,-0.01,0.86,-0.51,-0.00,101.09
0,6894,-0.92,-0.14,-0.05,-0.36,0.48,0.12,0.03,-0.87,-0.01,0.86,-0.51,-0.00,101.12
0,6899,-0.92,-0.14,-0.05,-0.36,0.48,0.12,0.03,-0.87,-0.01,0.86,-0.51,-0.00,101.10
0,6904,-0.92,-0.14,-0.06,-0.37,0.48,0.12,0.03,-0.87,-0.01,0.86,-0.51,-0.00,101.12
0,6914,-0.91,-0.14,-0.06,-0.38,0.48,0.12,0.03,-0.87,-0.01,0.86,-0.51,-0.00,101.11
0,6919,-0.91,-0.14,-0.06,-0.38,0.48,0.12,0.03,-0.87,-0.01,0.86,-0.51,-0.00,101.11
0,6924,-0.91,-0.14,-0.06,-0.39,0.48,0.12,0.03,-0.87,-0.01,0.86,-0.51,-0.00,101.10
0,6929,-0.90,-0.13,-0.06,-0.40,0.48,0.12,0.03,-0.87,-0.01,0.86,-0.51,-0.00,101.10
0,6944,-0.89,-0.13,-0.06,-0.42,0.48,0.12,0.03,-0.87,-0.01,0.86,-0.51,-0.00,101.09
0,6949,-0.89,-0.13,-0.06,-0.43,0.48,0.12,0.03,-0.87,-0.01,0.86,-0.51,-0.00,101.09
0,6954,-0.89,-0.13,-0.07,-0.44,0.48,0.12,0.03,-0.87,-0.01,0.86,-0.51,-0.00,101.11
0,6959,-0.88,-0.13,-0.07,-0.45,0.48,0.12,0.03,-0.87,-0.01,0.86,-0.51,-0.00,101.11
0,6979,-0.86,-0.12,-0.07,-0.49,0.48,0.12,0.03,-0.87,-0.01,0.86,-0.51,-0.00,101.11
0,6984,-0.85,-0.12,-0.07,-0.50,0.48,0.12,0.03,-0.87,-0.01,0.86,-0.51,-0.00,101.11
0,6989,-0.85,-0.12,-0.08,-0.51,0.48,0.12,0.03,-0.87,-0.01,0.86,-0.51,-0.00,101.11
0,6994,-0.84,-0.12,-0.08,-0.52,0.48,0.12,0.03,-0.87,-0.01,0.86,-0.51,-0.00,101.14
0,7009,-0.82,-0.11,-0.08,-0.56,0.48,0.12,0.03,-0.87,-0.01,0.86,-0.51,-0.00,101.12
0,7014,-0.81,-0.11,-0.08,-0.56,0.48,0.12,0.03,-0.87,-0.01,0.86,-0.51,-0.00,101.12
0,7019,-0.81,-0.11,-0.08,-0.57,0.48,0.12,0.03,-0.87,-0.01,0.86,-0.51,-0.00,101.12
0,7024,-0.80,-0.11,-0.08,-0.58,0.48,0.12,0.03,-0.87,-0.01,0.86,-0.51,-0.00,101.11
0,7034,-0.79,-0.10,-0.08,-0.60,0.48,0.12,0.03,-0.87,-0.01,0.86,-0.51,-0.00,101.10
0,7039,-0.78,-0.10,-0.08,-0.61,0.48,0.12,0.03,-0.87,-0.01,0.86,-0.51,-0.00,101.09
0,7044,-0.78,-0.10,-0.08,-0.61,0.48,0.12,0.03,-0.87,-0.01,0.86,-0.51,-0.00,101.10
0,7049,-0.77,-0.10,-0.08,-0.62,0.48,0.12,0.03,-0.87,-0.01,0.86,-0.51,-0.00,101.11
0,7064,-0.76,-0.10,-0.08,-0.63,0.48,0.12,0.03,-0.87,-0.01,0.86,-0.51,-0.00,101.11
0,7069,-0.76,-0.10,-0.08,-0.63,0.48,0.12,0.03,-0.87,-0.01,0.86,-0.51,-0.00,101.12
0,7074,-0.76,-0.10,-0.08,-0.64,0.48,0.12,0.03,-0.87,-0.01,0.86,-0.51,-0.00,101.09
0,7084,-0.75,-0.09,-0.08,-0.65,0.48,0.12,0.03,-0.87,-0.01,0.86,-0.51,-0.00,101.12
0,7094,-0.74,-0.09,-0.09,-0.66,0.48,0.12,0.03,-0.87,-0.01,0.86,-0.51,-0.00,101.14
0,7099,-0.74,-0.09,-0.09,-0.66,0.48,0.12,0.03,-0.87,-0.01,0.86,-0.51,-0.00,101.10
0,7104,-0.74,-0.09,-0.09,-0.67,0.48,0.12,0.03,-0.87,-0.01,0.86,-0.51,-0.00,101.11
0,7109,-0.73,-0.09,-0.09,-0.67,0.48,0.12,0.03,-0.87,-0.01,0.86,-0.51,-0.00,101.13
0,7114,-0.73,-0.09,-0.09,-0.68,0.48,0.12,0.03,-0.87,-0.01,0.86,-0.51,-0.00,101.11
0,7119,-0.72,-0.09,-0.09,-0.68,0.48,0.12,0.03,-0.87,-0.01,0.86,-0.51,-0.00,101.11
0,7124,-0.72,-0.09,-0.09,-0.68,0.48,0.12,0.03,-0.87,-0.01,0.86,-0.51,-0.00,101.11
0,7129,-0.71,-0.09,-0.09,-0.69,0.48,0.12,0.03,-0.87,-0.01,0.86,-0.51,-0.00,101.05
0,7139,-0.71,-0.09,-0.09,-0.69,0.48,0.12,0.03,-0.87,-0.01,0.86,-0.51,-0.00,101.12
0,7144,-0.71,-0.09,-0.09,-0.69,0.48,0.12,0.03,-0.87,-0.01,0.86,-0.51,-0.00,101.11
0,7149,-0.70,-0.09,-0.09,-0.70,0.48,0.12,0.03,-0.87,-0.01,0.86,-0.51,-0.00,101.12
0,7164,-0.70,-0.09,-0.09,-0.71,0.48,0.12,0.03,-0.87,-0.01,0.86,-0.51,-0.00,101.11
0,7174,-0.69,-0.09,-0.09,-0.71,0.48,0.12,0.03,-0.87,-0.01,0.86,-0.51,-0.00,101.11
0,7179,-0.69,-0.09,-0.09,-0.71,0.48,0.12,0.03,-0.87,-0.01,0.86,-0.51,-0.00,101.11
0,7184,-0.69,-0.09,-0.09,-0.71,0.48,0.12,0.03,-0.87,-0.01,0.86,-0.51,-0.00,101.11
0,7194,-0.68,-0.09,-0.09,-0.72,0.48,0.12,0.03,-0.87,-0.01,0.86,-0.51,-0.00,101.14
0,7199,-0.68,-0.09,-0.09,-0.72,0.48,0.12,0.03,-0.87,-0.01,0.86,-0.51,-0.00,101.11
0,7204,-0.68,-0.09,-0.09,-0.72,0.48,0.12,0.03,-0.87,-0.01,0.86,-0.51,-0.00,101.11
0,7209,-0.68,-0.09,-0.09,-0.72,0.48,0.12,0.03,-0.87,-0.01,0.86,-0.51,-0.00,101.09
0,7214,-0.68,-0.08,-0.09,-0.72,0.48,0.12,0.03,-0.87,-0.01,0.86,-0.51,-0.00,101.12
0,7224,-0.68,-0.08,-0.09,-0.73,0.48,0.12,0.03,-0.87,-0.01,0.86,-0.51,-0.00,101.11
0,7229,-0.67,-0.08,-0.09,-0.73,0.48,0.12,0.03,-0.87,-0.01,0.86,-0.51,-0.00,101.11
0,7234,-0.67,-0.08,-0.09,-0.73,0.48,0.12,0.03,-0.87,-0.01,0.86,-0.51,-0.00,101.14
0,7239,-0.67,-0.08,-0.09,-0.73,0.48,0.12,0.03,-0.87,-0.01,0.86,-0.51,-0.00,101.12
0,7259,-0.67,-0.09,-0.09,-0.73,0.48,0.12,0.03,-0.87,-0.01,0.86,-0.51,-0.00,101.12
0,7264,-0.67,-0.09,-0.09,-0.73,0.48,0.12,0.03,-0.87,-0.01,0.86,-0.51,-0.00,101.12
0,7269,-0.67,-0.08,-0.09,-0.73,0.48,0.12,0.03,-0.87,-0.01,0.86,-0.51,-0.00,101.09
0,7274,-0.67,-0.08,-0.09,-0.73,0.48,0.12,0.03,-0.87,-0.01,0.86,-0.51,-0.00,101.11
0,7289,-0.67,-0.08,-0.09,-0.73,0.48,0.12,0.03,-0.87,-0.01,0.86,-0.51,-0.00,101.12
0,7294,-0.67,-0.08,-0.09,-0.73,0.48,0.12,0.03,-0.87,-0.01,0.86,-0.51,-0.00,101.14
0,7299,-0.67,-0.08,-0.09,-0.73,0.48,0.12,0.03,-0.87,-0.01,0.86,-0.51,-0.00,101.13
0,7304,-0.67,-0.08,-0.09,-0.73,0.48,0.12,0.03,-0.87,-0.01,0.86,-0.51,-0.00,101.12
0,7314,-0.67,-0.08,-0.09,-0.73,0.48,0.12,0.03,-0.87,-0.01,0.86,-0.51,-0.00,101.09
0,7319,-0.67,-0.08,-0.09,-0.73,0.49,0.12,0.03,-0.87,-0.01,0.86,-0.51,-0.00,101.13
0,7324,-0.67,-0.08,-0.09,-0.73,0.49,0.12,0.03,-0.87,-0.01,0.86,-0.51,-0.00,101.09
0,7339,-0.67,-0.08,-0.09,-0.73,0.49,0.12,0.03,-0.87,-0.01,0.86,-0.51,-0.00,101.12
0,7344,-0.67,-0.08,-0.09,-0.73,0.49,0.12,0.03,-0.87,-0.01,0.86,-0.51,-0.00,101.13
0,7349,-0.67,-0.08,-0.09,-0.73,0.49,0.12,0.03,-0.87,-0.01,0.86,-0.51,-0.00,101.14
0,7354,-0.67,-0.08,-0.09,-0.73,0.49,0.12,0.03,-0.87,-0.01,0.86,-0.51,-0.00,101.13
0,7359,-0.67,-0.08,-0.09,-0.73,0.49,0.12,0.03,-0.87,-0.01,0.86,-0.51,-0.00,101.11
0,7364,-0.67,-0.08,-0.09,-0.73,0.49,0.12,0.03,-0.87,-0.01,0.86,-0.51,-0.00,101.10
0,7379,-0.67,-0.08,-0.09,-0.73,0.49,0.12,0.03,-0.87,-0.01,0.86,-0.51,-0.00,101.14
0,7384,-0.67,-0.08,-0.09,-0.73,0.49,0.12,0.03,-0.87,-0.01,0.86,-0.51,-0.00,101.12
0,7394,-0.67,-0.08,-0.09,-0.73,0.49,0.12,0.03,-0.86,-0.01,0.86,-0.51,-0.00,101.14
0,7399,-0.67,-0.08,-0.09,-0.73,0.49,0.12,0.03,-0.86,-0.01,0.86,-0.51,-0.00,101.11
0,7404,-0.67,-0.08,-0.09,-0.73,0.49,0.12,0.03,-0.86,-0.01,0.86,-0.51,-0.00,101.13
0,7409,-0.67,-0.08,-0.09,-0.73,0.49,0.12,0.03,-0.86,-0.01,0.86,-0.51,-0.00,101.11
0,7414,-0.67,-0.08,-0.09,-0.73,0.49,0.12,0.03,-0.86,-0.01,0.86,-0.51,-0.00,101.08
0,7424,-0.67,-0.08,-0.09,-0.73,0.49,0.12,0.03,-0.86,-0.01,0.86,-0.51,-0.00,101.10
0,7429,-0.67,-0.08,-0.09,-0.73,0.49,0.12,0.03,-0.86,-0.01,0.86,-0.51,-0.00,101.11
0,7434,-0.67,-0.08,-0.09,-0.73,0.49,0.12,0.03,-0.87,-0.01,0.86,-0.51,-0.00,101.12
0,7439,-0.67,-0.08,-0.09,-0.73,0.49,0.12,0.03,-0.87,-0.01,0.86,-0.51,-0.00,101.14
0,7444,-0.67,-0.08,-0.09,-0.73,0.49,0.12,0.03,-0.87,-0.01,0.86,-0.51,-0.00,101.09
0,7454,-0.67,-0.08,-0.09,-0.73,0.49,0.12,0.03,-0.87,-0.01,0.86,-0.51,-0.00,101.13
0,7459,-0.67,-0.08,-0.09,-0.73,0.49,0.12,0.03,-0.87,-0.01,0.86,-0.51,-0.00,101.11
0,7469,-0.67,-0.08,-0.09,-0.73,0.49,0.12,0.03,-0.87,-0.01,0.86,-0.51,-0.00,101.09
0,7474,-0.67,-0.08,-0.09,-0.73,0.49,0.12,0.03,-0.87,-0.01,0.86,-0.51,-0.00,101.12
0,7489,-0.67,-0.08,-0.09,-0.73,0.49,0.12,0.03,-0.87,-0.01,0.86,-0.51,-0.00,101.11
0,7494,-0.67,-0.08,-0.09,-0.73,0.49,0.12,0.03,-0.87,-0.01,0.86,-0.51,-0.00,101.14
0,7504,-0.67,-0.08,-0.09,-0.73,0.49,0.12,0.03,-0.87,-0.01,0.86,-0.51,-0.00,101.11
0,7519,-0.67,-0.08,-0.09,-0.73,0.49,0.12,0.03,-0.87,-0.01,0.86,-0.51,-0.00,101.11
0,7524,-0.67,-0.08,-0.09,-0.73,0.49,0.12,0.03,-0.87,-0.01,0.86,-0.51,-0.00,101.11
0,7529,-0.67,-0.08,-0.09,-0.73,0.49,0.12,0.03,-0.87,-0.01,0.86,-0.51,-0.00,101.12
0,7539,-0.67,-0.08,-0.09,-0.73,0.49,0.12,0.03,-0.87,-0.01,0.86,-0.51,-0.00,101.12
0,7544,-0.67,-0.08,-0.09,-0.73,0.49,0.12,0.03,-0.87,-0.01,0.86,-0.51,-0.00,101.09
0,7549,-0.67,-0.08,-0.09,-0.73,0.49,0.12,0.03,-0.87,-0.01,0.86,-0.51,-0.00,101.09
0,7554,-0.67,-0.08,-0.09,-0.73,0.49,0.12,0.03,-0.87,-0.01,0.86,-0.51,-0.00,101.09
0,7564,-0.67,-0.09,-0.09,-0.73,0.49,0.11,0.03,-0.87,-0.01,0.86,-0.51,-0.00,101.10
0,7569,-0.67,-0.09,-0.09,-0.73,0.49,0.11,0.02,-0.87,-0.01,0.86,-0.51,-0.00,101.09
0,7574,-0.67,-0.09,-0.09,-0.73,0.49,0.11,0.02,-0.87,-0.01,0.86,-0.51,-0.00,101.09
0,7579,-0.67,-0.09,-0.09,-0.73,0.49,0.11,0.02,-0.87,-0.01,0.86,-0.51,-0.00,101.11
0,7594,-0.67,-0.09,-0.09,-0.73,0.49,0.11,0.02,-0.87,-0.01,0.86,-0.51,-0.00,101.11
0,7599,-0.67,-0.09,-0.09,-0.73,0.49,0.11,0.02,-0.87,-0.01,0.86,-0.51,-0.00,101.10
0,7604,-0.67,-0.09,-0.09,-0.73,0.49,0.11,0.02,-0.87,-0.01,0.86,-0.51,-0.00,101.11
0,7609,-0.67,-0.09,-0.09,-0.73,0.49,0.11,0.02,-0.87,-0.01,0.86,-0.51,-0.00,101.10
0,7624,-0.67,-0.09,-0.09,-0.73,0.49,0.11,0.02,-0.87,-0.01,0.86,-0.51,-0.00,101.11
0,7629,-0.67,-0.09,-0.09,-0.73,0.49,0.11,0.02,-0.87,-0.01,0.86,-0.51,-0.00,101.11
0,7634,-0.67,-0.09,-0.09,-0.73,0.49,0.11,0.02,-0.87,-0.01,0.86,-0.51,-0.00,101.11
