0,5,-0.84,-0.05,-0.02,-0.54,-0.75,-0.01,-0.00,-0.66,-0.89,-0.00,0.01,-0.45,100.56
0,10,-0.84,-0.05,-0.02,-0.54,-0.75,-0.01,-0.00,-0.66,-0.89,-0.00,0.01,-0.45,100.57
0,15,-0.84,-0.05,-0.02,-0.54,-0.75,-0.01,-0.00,-0.66,-0.89,-0.00,0.01,-0.45,100.58
0,20,-0.84,-0.05,-0.02,-0.54,-0.75,-0.01,-0.00,-0.66,-0.89,-0.00,0.01,-0.45,100.56
0,25,-0.84,-0.05,-0.02,-0.54,-0.75,-0.01,-0.00,-0.66,-0.89,-0.00,0.01,-0.45,100.56
0,30,-0.84,-0.05,-0.02,-0.54,-0.75,-0.01,-0.00,-0.66,-0.89,-0.00,0.01,-0.45,100.56
0,35,-0.84,-0.05,-0.02,-0.54,-0.75,-0.01,-0.00,-0.66,-0.89,-0.00,0.01,-0.45,100.56
0,40,-0.84,-0.05,-0.02,-0.54,-0.75,-0.01,-0.00,-0.66,-0.89,-0.00,0.01,-0.45,100.56
0,45,-0.84,-0.05,-0.02,-0.54,-0.75,-0.01,-0.00,-0.66,-0.89,-0.00,0.01,-0.45,100.58
0,50,-0.84,-0.05,-0.02,-0.54,-0.75,-0.01,-0.00,-0.66,-0.89,-0.00,0.01,-0.45,100.58
0,55,-0.84,-0.05,-0.02,-0.54,-0.75,-0.01,-0.00,-0.66,-0.89,-0.00,0.01,-0.45,100.55
0,60,-0.84,-0.05,-0.02,-0.54,-0.75,-0.01,-0.00,-0.66,-0.89,-0.00,0.01,-0.45,100.56
0,65,-0.84,-0.05,-0.02,-0.54,-0.75,-0.01,-0.00,-0.66,-0.89,-0.00,0.01,-0.45,100.56
0,70,-0.84,-0.05,-0.02,-0.54,-0.75,-0.01,-0.00,-0.66,-0.89,-0.00,0.01,-0.45,100.56
0,75,-0.84,-0.05,-0.02,-0.54,-0.75,-0.01,-0.00,-0.66,-0.89,-0.00,0.01,-0.45,100.56
0,80,-0.84,-0.05,-0.02,-0.54,-0.75,-0.01,-0.00,-0.66,-0.89,-0.00,0.01,-0.45,100.54
0,86,-0.84,-0.05,-0.02,-0.54,-0.75,-0.01,-0.00,-0.66,-0.89,-0.00,0.01,-0.45,100.57
0,90,-0.84,-0.05,-0.02,-0.54,-0.75,-0.01,-0.00,-0.66,-0.89,-0.00,0.01,-0.45,100.58
0,95,-0.84,-0.05,-0.02,-0.54,-0.75,-0.01,-0.00,-0.66,-0.89,-0.00,0.01,-0.45,100.58
0,100,-0.84,-0.05,-0.02,-0.54,-0.75,-0.01,-0.00,-0.66,-0.89,-0.00,0.01,-0.45,100.57
0,106,-0.84,-0.05,-0.02,-0.54,-0.75,-0.01,-0.00,-0.66,-0.89,-0.00,0.01,-0.45,100.60
0,110,-0.84,-0.05,-0.02,-0.54,-0.75,-0.01,-0.00,-0.66,-0.89,-0.00,0.01,-0.45,100.56
0,115,-0.84,-0.05,-0.02,-0.54,-0.75,-0.01,-0.00,-0.66,-0.89,-0.00,0.01,-0.45,100.58
0,120,-0.84,-0.05,-0.02,-0.54,-0.75,-0.01,-0.00,-0.66,-0.89,-0.00,0.01,-0.45,100.56
0,126,-0.84,-0.05,-0.02,-0.54,-0.75,-0.01,-0.00,-0.66,-0.89,-0.00,0.01,-0.45,100.58
0,130,-0.84,-0.05,-0.02,-0.54,-0.75,-0.01,0.00,-0.66,-0.89,-0.00,0.01,-0.45,100.56
0,135,-0.84,-0.05,-0.02,-0.54,-0.75,-0.01,0.00,-0.66,-0.89,-0.00,0.01,-0.45,100.60
0,145,-0.84,-0.05,-0.02,-0.54,-0.75,-0.01,0.00,-0.66,-0.89,-0.00,0.01,-0.45,100.57
0,151,-0.84,-0.05,-0.02,-0.54,-0.75,-0.01,0.00,-0.66,-0.89,-0.00,0.01,-0.45,100.58
0,155,-0.84,-0.05,-0.02,-0.54,-0.75,-0.01,0.00,-0.66,-0.89,-0.00,0.01,-0.45,100.54
0,161,-0.84,-0.05,-0.02,-0.54,-0.75,-0.01,0.00,-0.66,-0.89,-0.00,0.01,-0.45,100.58
0,171,-0.84,-0.05,-0.02,-0.54,-0.75,-0.01,-0.00,-0.66,-0.89,-0.00,0.01,-0.45,100.55
0,176,-0.84,-0.05,-0.02,-0.54,-0.75,-0.01,-0.00,-0.66,-0.89,-0.00,0.01,-0.45,100.58
0,180,-0.84,-0.05,-0.02,-0.54,-0.75,-0.01,-0.00,-0.66,-0.89,-0.00,0.01,-0.45,100.58
0,186,-0.84,-0.05,-0.02,-0.54,-0.75,-0.01,-0.00,-0.66,-0.89,-0.00,0.01,-0.45,100.60
0,191,-0.84,-0.05,-0.02,-0.54,-0.75,-0.01,-0.00,-0.66,-0.89,-0.00,0.01,-0.45,100.58
0,196,-0.84,-0.05,-0.02,-0.54,-0.75,-0.01,-0.00,-0.66,-0.89,-0.00,0.01,-0.45,100.54
0,201,-0.84,-0.05,-0.02,-0.54,-0.75,-0.01,-0.00,-0.66,-0.89,-0.00,0.01,-0.45,100.58
0,205,-0.84,-0.05,-0.02,-0.54,-0.75,-0.01,-0.00,-0.66,-0.89,-0.00,0.01,-0.45,100.56
0,215,-0.84,-0.05,-0.02,-0.54,-0.75,-0.01,-0.00,-0.66,-0.89,-0.00,0.01,-0.45,100.56
0,221,-0.84,-0.05,-0.02,-0.54,-0.75,-0.01,-0.00,-0.66,-0.89,-0.00,0.01,-0.45,100.56
0,226,-0.84,-0.05,-0.02,-0.54,-0.75,-0.01,-0.00,-0.66,-0.89,-0.00,0.01,-0.45,100.58
0,230,-0.84,-0.05,-0.02,-0.54,-0.75,-0.01,-0.00,-0.66,-0.89,-0.00,0.01,-0.45,100.60
0,241,-0.84,-0.05,-0.02,-0.54,-0.75,-0.01,-0.00,-0.66,-0.89,-0.00,0.01,-0.45,100.57
0,246,-0.84,-0.05,-0.02,-0.54,-0.75,-0.01,-0.00,-0.66,-0.89,-0.00,0.01,-0.45,100.56
0,251,-0.84,-0.05,-0.02,-0.54,-0.75,-0.01,-0.00,-0.66,-0.89,-0.00,0.01,-0.45,100.56
0,256,-0.84,-0.05,-0.02,-0.54,-0.75,-0.01,-0.00,-0.66,-0.89,-0.00,0.01,-0.45,100.58
0,260,-0.84,-0.05,-0.02,-0.54,-0.75,-0.01,-0.00,-0.66,-0.89,-0.00,0.01,-0.45,100.58
0,266,-0.84,-0.05,-0.02,-0.54,-0.75,-0.01,-0.00,-0.66,-0.89,-0.00,0.01,-0.45,100.58
0,271,-0.84,-0.05,-0.02,-0.54,-0.75,-0.01,-0.00,-0.66,-0.89,-0.00,0.01,-0.45,100.56
0,276,-0.84,-0.05,-0.02,-0.54,-0.75,-0.01,-0.00,-0.66,-0.89,-0.00,0.01,-0.45,100.56
0,286,-0.84,-0.05,-0.02,-0.54,-0.75,-0.01,-0.00,-0.66,-0.89,-0.00,0.01,-0.45,100.58
0,291,-0.84,-0.05,-0.02,-0.54,-0.75,-0.01,-0.00,-0.66,-0.89,-0.00,0.01,-0.45,100.56
0,295,-0.84,-0.05,-0.02,-0.54,-0.75,-0.01,-0.00,-0.66,-0.89,-0.00,0.01,-0.45,100.58
0,300,-0.84,-0.05,-0.02,-0.54,-0.75,-0.01,-0.00,-0.66,-0.89,-0.00,0.01,-0.45,100.58
0,311,-0.84,-0.05,-0.02,-0.54,-0.75,-0.01,-0.00,-0.66,-0.89,-0.00,0.01,-0.45,100.58
0,315,-0.84,-0.05,-0.02,-0.54,-0.75,-0.01,-0.00,-0.66,-0.89,-0.00,0.01,-0.45,100.60
0,320,-0.84,-0.05,-0.02,-0.54,-0.75,-0.01,-0.00,-0.66,-0.89,-0.00,0.01,-0.45,100.60
0,325,-0.84,-0.05,-0.02,-0.54,-0.75,-0.01,-0.00,-0.66,-0.89,-0.00,0.01,-0.45,100.54
0,335,-0.84,-0.05,-0.02,-0.54,-0.75,-0.01,-0.00,-0.66,-0.89,-0.00,0.01,-0.45,100.56
0,341,-0.84,-0.05,-0.02,-0.54,-0.75,-0.01,-0.00,-0.66,-0.89,-0.00,0.01,-0.45,100.57
0,345,-0.84,-0.05,-0.02,-0.54,-0.75,-0.01,-0.00,-0.66,-0.89,-0.00,0.01,-0.45,100.56
0,350,-0.84,-0.05,-0.02,-0.54,-0.75,-0.01,-0.00,-0.66,-0.89,-0.00,0.01,-0.45,100.56
0,361,-0.84,-0.05,-0.02,-0.54,-0.75,-0.01,-0.00,-0.66,-0.89,-0.00,0.01,-0.45,100.58
0,366,-0.84,-0.05,-0.02,-0.54,-0.75,-0.01,-0.00,-0.66,-0.89,-0.00,0.01,-0.45,100.58
0,371,-0.84,-0.05,-0.02,-0.54,-0.75,-0.01,-0.00,-0.66,-0.89,-0.00,0.01,-0.45,100.57
0,375,-0.84,-0.05,-0.02,-0.54,-0.75,-0.01,-0.00,-0.66,-0.89,-0.00,0.01,-0.45,100.58
0,386,-0.84,-0.05,-0.02,-0.54,-0.75,-0.01,-0.00,-0.66,-0.89,-0.00,0.01,-0.45,100.56
0,391,-0.84,-0.05,-0.02,-0.54,-0.75,-0.01,-0.00,-0.66,-0.89,-0.00,0.01,-0.45,100.58
0,396,-0.84,-0.05,-0.02,-0.54,-0.75,-0.01,-0.00,-0.66,-0.89,-0.00,0.01,-0.45,100.56
0,401,-0.84,-0.05,-0.02,-0.54,-0.75,-0.01,-0.00,-0.66,-0.89,-0.00,0.01,-0.45,100.56
0,410,-0.84,-0.05,-0.02,-0.54,-0.75,-0.01,-0.00,-0.66,-0.89,-0.00,0.01,-0.45,100.56
0,415,-0.84,-0.05,-0.02,-0.54,-0.75,-0.01,-0.00,-0.66,-0.89,-0.00,0.01,-0.45,100.58
0,421,-0.84,-0.05,-0.02,-0.54,-0.75,-0.01,-0.00,-0.66,-0.89,-0.00,0.01,-0.45,100.58
0,425,-0.84,-0.05,-0.02,-0.54,-0.75,-0.01,-0.00,-0.66,-0.89,-0.00,0.01,-0.45,100.58
0,436,-0.84,-0.05,-0.02,-0.54,-0.75,-0.01,-0.00,-0.66,-0.89,-0.00,0.01,-0.45,100.57
0,440,-0.84,-0.05,-0.02,-0.54,-0.75,-0.01,-0.00,-0.66,-0.89,-0.00,0.01,-0.45,100.56
0,445,-0.84,-0.05,-0.02,-0.54,-0.75,-0.01,-0.00,-0.66,-0.89,-0.00,0.01,-0.45,100.56
0,451,-0.84,-0.05,-0.02,-0.54,-0.75,-0.01,-0.00,-0.66,-0.89,-0.00,0.01,-0.45,100.58
0,461,-0.84,-0.05,-0.02,-0.54,-0.75,-0.01,-0.00,-0.66,-0.89,-0.00,0.01,-0.45,100.58
0,465,-0.84,-0.05,-0.02,-0.54,-0.75,-0.01,-0.00,-0.66,-0.89,-0.00,0.01,-0.45,100.54
0,470,-0.84,-0.05,-0.02,-0.54,-0.75,-0.01,-0.00,-0.66,-0.89,-0.00,0.01,-0.45,100.57
0,476,-0.84,-0.05,-0.02,-0.54,-0.75,-0.01,-0.00,-0.66,-0.89,-0.00,0.01,-0.45,100.56
0,486,-0.84,-0.05,-0.02,-0.54,-0.75,-0.01,-0.00,-0.66,-0.89,-0.00,0.01,-0.45,100.56
0,491,-0.84,-0.05,-0.02,-0.54,-0.75,-0.01,-0.00,-0.66,-0.89,-0.00,0.01,-0.45,100.56
0,495,-0.84,-0.05,-0.02,-0.54,-0.75,-0.01,-0.00,-0.66,-0.89,-0.00,0.01,-0.45,100.58
0,500,-0.84,-0.05,-0.02,-0.54,-0.75,-0.01,-0.00,-0.66,-0.89,-0.00,0.01,-0.45,100.56
0,511,-0.84,-0.05,-0.02,-0.54,-0.75,-0.01,-0.00,-0.66,-0.89,-0.00,0.01,-0.45,100.56
0,516,-0.84,-0.05,-0.02,-0.54,-0.75,-0.01,-0.00,-0.66,-0.89,-0.00,0.01,-0.45,100.57
0,520,-0.84,-0.05,-0.02,-0.54,-0.75,-0.01,-0.00,-0.66,-0.89,-0.00,0.01,-0.45,100.58
0,525,-0.84,-0.05,-0.02,-0.54,-0.75,-0.01,-0.00,-0.66,-0.89,-0.00,0.01,-0.45,100.56
0,530,-0.84,-0.05,-0.02,-0.54,-0.75,-0.01,-0.00,-0.66,-0.89,-0.00,0.01,-0.45,100.58
0,535,-0.84,-0.05,-0.02,-0.54,-0.75,-0.01,-0.00,-0.66,-0.89,-0.00,0.01,-0.45,100.58
0,541,-0.84,-0.05,-0.02,-0.54,-0.75,-0.01,-0.00,-0.66,-0.89,-0.00,0.01,-0.45,100.57
0,546,-0.84,-0.05,-0.02,-0.54,-0.75,-0.01,-0.00,-0.66,-0.89,-0.00,0.01,-0.45,100.58
0,551,-0.84,-0.05,-0.02,-0.54,-0.75,-0.01,-0.00,-0.66,-0.89,-0.00,0.01,-0.45,100.56
0,556,-0.84,-0.05,-0.02,-0.54,-0.75,-0.01,-0.00,-0.66,-0.89,-0.00,0.01,-0.45,100.56
0,560,-0.84,-0.05,-0.02,-0.54,-0.75,-0.01,-0.00,-0.66,-0.89,-0.00,0.01,-0.45,100.58
0,565,-0.84,-0.05,-0.02,-0.54,-0.75,-0.01,-0.00,-0.66,-0.89,-0.00,0.01,-0.45,100.58
0,571,-0.84,-0.05,-0.02,-0.54,-0.75,-0.01,-0.00,-0.66,-0.89,-0.00,0.01,-0.45,100.56
0,576,-0.84,-0.05,-0.02,-0.54,-0.75,-0.01,-0.00,-0.66,-0.89,-0.00,0.01,-0.45,100.58
0,581,-0.84,-0.05,-0.02,-0.54,-0.75,-0.01,-0.00,-0.66,-0.89,-0.00,0.01,-0.45,100.56
0,590,-0.84,-0.05,-0.02,-0.54,-0.75,-0.01,-0.00,-0.66,-0.89,-0.00,0.01,-0.45,100.54
0,596,-0.84,-0.05,-0.02,-0.54,-0.75,-0.01,-0.00,-0.66,-0.89,-0.00,0.01,-0.45,100.60
0,601,-0.84,-0.05,-0.02,-0.54,-0.75,-0.01,-0.00,-0.66,-0.89,-0.00,0.01,-0.45,100.56
0,606,-0.84,-0.05,-0.02,-0.54,-0.75,-0.01,-0.00,-0.66,-0.89,-0.00,0.01,-0.45,100.56
0,615,-0.84,-0.05,-0.02,-0.54,-0.75,-0.01,-0.00,-0.66,-0.89,-0.00,0.01,-0.45,100.56
0,620,-0.84,-0.05,-0.02,-0.54,-0.75,-0.01,-0.00,-0.66,-0.89,-0.00,0.01,-0.45,100.56
0,626,-0.84,-0.05,-0.02,-0.54,-0.75,-0.01,-0.00,-0.66,-0.89,-0.00,0.01,-0.45,100.58
0,631,-0.84,-0.05,-0.02,-0.54,-0.75,-0.01,-0.00,-0.66,-0.89,-0.00,0.01,-0.45,100.58
0,640,-0.84,-0.05,-0.02,-0.54,-0.75,-0.01,-0.00,-0.66,-0.89,-0.00,0.01,-0.45,100.56
0,645,-0.84,-0.05,-0.02,-0.54,-0.75,-0.01,-0.00,-0.66,-0.89,-0.00,0.01,-0.45,100.58
0,650,-0.84,-0.05,-0.02,-0.54,-0.75,-0.01,-0.00,-0.66,-0.89,-0.00,0.01,-0.45,100.56
0,655,-0.84,-0.05,-0.02,-0.54,-0.75,-0.01,-0.00,-0.66,-0.89,-0.00,0.01,-0.45,100.56
0,666,-0.84,-0.05,-0.02,-0.54,-0.75,-0.01,-0.00,-0.66,-0.89,-0.00,0.01,-0.45,100.58
0,670,-0.84,-0.05,-0.02,-0.54,-0.75,-0.01,-0.00,-0.66,-0.89,-0.00,0.01,-0.45,100.56
0,675,-0.84,-0.05,-0.02,-0.54,-0.75,-0.01,-0.00,-0.66,-0.89,-0.00,0.01,-0.45,100.56
0,681,-0.84,-0.05,-0.02,-0.54,-0.75,-0.01,-0.00,-0.66,-0.89,-0.00,0.01,-0.45,100.57
0,691,-0.84,-0.05,-0.02,-0.54,-0.75,-0.01,-0.00,-0.66,-0.89,-0.00,0.01,-0.45,100.58
0,695,-0.84,-0.05,-0.02,-0.54,-0.75,-0.01,-0.00,-0.66,-0.89,-0.00,0.01,-0.45,100.57
0,701,-0.84,-0.05,-0.02,-0.54,-0.75,-0.01,-0.00,-0.66,-0.89,-0.00,0.01,-0.45,100.56
0,706,-0.84,-0.05,-0.02,-0.54,-0.75,-0.01,-0.00,-0.66,-0.89,-0.00,0.01,-0.45,100.56
0,716,-0.84,-0.05,-0.02,-0.54,-0.75,-0.01,-0.00,-0.66,-0.89,-0.00,0.01,-0.45,100.56
0,721,-0.84,-0.04,-0.02,-0.54,-0.75,-0.01,-0.00,-0.66,-0.89,-0.00,0.01,-0.45,100.56
0,725,-0.84,-0.04,-0.02,-0.54,-0.75,-0.01,-0.00,-0.66,-0.89,-0.00,0.01,-0.45,100.60
0,730,-0.84,-0.04,-0.02,-0.54,-0.75,-0.01,-0.00,-0.66,-0.89,-0.00,0.01,-0.45,100.56
0,741,-0.84,-0.04,-0.02,-0.54,-0.75,-0.01,-0.00,-0.66,-0.89,-0.00,0.01,-0.45,100.58
0,746,-0.84,-0.04,-0.02,-0.54,-0.75,-0.01,-0.00,-0.66,-0.89,-0.00,0.01,-0.45,100.56
0,750,-0.84,-0.04,-0.02,-0.54,-0.75,-0.01,-0.00,-0.66,-0.89,-0.00,0.01,-0.45,100.58
0,755,-0.84,-0.04,-0.02,-0.54,-0.75,-0.01,-0.00,-0.66,-0.89,-0.00,0.01,-0.45,100.56
0,766,-0.84,-0.04,-0.02,-0.54,-0.75,-0.01,-0.00,-0.66,-0.89,-0.00,0.01,-0.45,100.57
0,771,-0.84,-0.04,-0.02,-0.54,-0.75,-0.01,-0.00,-0.66,-0.89,-0.00,0.01,-0.45,100.54
0,776,-0.84,-0.04,-0.02,-0.54,-0.75,-0.01,-0.00,-0.66,-0.89,-0.00,0.01,-0.45,100.60
0,781,-0.84,-0.04,-0.02,-0.54,-0.75,-0.01,-0.00,-0.66,-0.89,-0.00,0.01,-0.45,100.54
0,791,-0.84,-0.04,-0.02,-0.54,-0.75,-0.01,-0.00,-0.66,-0.89,-0.00,0.01,-0.45,100.56
0,796,-0.84,-0.04,-0.02,-0.54,-0.75,-0.01,-0.00,-0.66,-0.89,-0.00,0.01,-0.45,100.57
0,801,-0.84,-0.04,-0.02,-0.54,-0.75,-0.01,-0.00,-0.66,-0.89,-0.00,0.01,-0.45,100.54
0,806,-0.84,-0.04,-0.02,-0.54,-0.75,-0.01,-0.00,-0.66,-0.89,-0.00,0.01,-0.45,100.58
0,815,-0.84,-0.04,-0.02,-0.54,-0.75,-0.01,-0.00,-0.66,-0.89,-0.00,0.01,-0.45,100.56
0,821,-0.84,-0.04,-0.02,-0.54,-0.75,-0.01,-0.00,-0.66,-0.89,-0.00,0.01,-0.45,100.58
0,825,-0.84,-0.04,-0.02,-0.54,-0.75,-0.01,-0.00,-0.66,-0.89,-0.00,0.01,-0.45,100.54
0,831,-0.84,-0.04,-0.02,-0.54,-0.75,-0.01,-0.00,-0.66,-0.89,-0.00,0.01,-0.45,100.56
0,840,-0.84,-0.04,-0.02,-0.54,-0.75,-0.01,-0.00,-0.66,-0.89,-0.00,0.01,-0.45,100.58
0,845,-0.84,-0.04,-0.02,-0.54,-0.75,-0.01,-0.00,-0.66,-0.89,-0.00,0.01,-0.45,100.56
0,850,-0.84,-0.04,-0.02,-0.54,-0.75,-0.01,-0.00,-0.66,-0.89,-0.00,0.01,-0.45,100.56
0,856,-0.84,-0.04,-0.02,-0.54,-0.75,-0.01,-0.00,-0.66,-0.89,-0.00,0.01,-0.45,100.56
0,866,-0.84,-0.04,-0.02,-0.54,-0.75,-0.01,-0.00,-0.66,-0.89,-0.00,0.01,-0.45,100.62
0,871,-0.84,-0.04,-0.02,-0.54,-0.75,-0.01,-0.00,-0.66,-0.89,-0.00,0.01,-0.45,100.58
0,875,-0.84,-0.04,-0.02,-0.54,-0.75,-0.01,-0.00,-0.66,-0.89,-0.00,0.01,-0.45,100.56
0,881,-0.84,-0.04,-0.02,-0.54,-0.75,-0.01,-0.00,-0.66,-0.89,-0.00,0.01,-0.45,100.58
0,891,-0.84,-0.04,-0.02,-0.54,-0.75,-0.01,-0.00,-0.66,-0.89,-0.00,0.01,-0.45,100.60
0,896,-0.84,-0.04,-0.02,-0.54,-0.75,-0.01,-0.00,-0.66,-0.89,-0.00,0.01,-0.45,100.58
0,900,-0.84,-0.04,-0.02,-0.54,-0.75,-0.01,-0.00,-0.66,-0.89,-0.00,0.01,-0.45,100.58
0,905,-0.84,-0.04,-0.02,-0.54,-0.75,-0.01,-0.00,-0.66,-0.89,-0.00,0.01,-0.45,100.58
0,916,-0.84,-0.04,-0.02,-0.54,-0.75,-0.01,-0.00,-0.66,-0.89,-0.00,0.01,-0.45,100.58
0,921,-0.84,-0.04,-0.02,-0.54,-0.75,-0.01,-0.00,-0.66,-0.89,-0.00,0.01,-0.45,100.56
0,926,-0.84,-0.04,-0.02,-0.54,-0.75,-0.01,-0.00,-0.66,-0.89,-0.00,0.01,-0.45,100.56
0,930,-0.84,-0.04,-0.02,-0.54,-0.75,-0.01,-0.00,-0.66,-0.89,-0.00,0.01,-0.45,100.58
0,935,-0.84,-0.04,-0.02,-0.54,-0.75,-0.01,-0.00,-0.66,-0.89,-0.00,0.01,-0.45,100.58
0,941,-0.84,-0.04,-0.02,-0.54,-0.75,-0.01,-0.00,-0.66,-0.89,-0.00,0.01,-0.45,100.56
0,946,-0.84,-0.04,-0.02,-0.54,-0.75,-0.01,-0.00,-0.66,-0.89,-0.00,0.01,-0.45,100.58
0,951,-0.84,-0.04,-0.02,-0.54,-0.75,-0.01,-0.00,-0.66,-0.89,-0.00,0.01,-0.45,100.58
0,960,-0.84,-0.04,-0.02,-0.54,-0.75,-0.01,-0.00,-0.66,-0.89,-0.00,0.01,-0.45,100.58
0,965,-0.84,-0.04,-0.02,-0.54,-0.75,-0.01,-0.00,-0.66,-0.89,-0.00,0.01,-0.45,100.56
0,971,-0.84,-0.04,-0.02,-0.54,-0.75,-0.01,-0.00,-0.66,-0.89,-0.00,0.01,-0.45,100.56
0,976,-0.84,-0.04,-0.02,-0.54,-0.75,-0.01,-0.00,-0.66,-0.89,-0.00,0.01,-0.45,100.54
0,986,-0.84,-0.04,-0.02,-0.54,-0.75,-0.01,-0.00,-0.66,-0.89,-0.00,0.01,-0.45,100.56
0,991,-0.84,-0.04,-0.02,-0.54,-0.75,-0.01,-0.00,-0.66,-0.89,-0.00,0.01,-0.45,100.58
0,995,-0.84,-0.04,-0.02,-0.54,-0.75,-0.01,-0.00,-0.66,-0.89,-0.00,0.01,-0.45,100.60
0,1001,-0.84,-0.04,-0.02,-0.54,-0.75,-0.01,-0.00,-0.66,-0.89,-0.00,0.01,-0.45,100.60
0,1011,-0.84,-0.04,-0.02,-0.54,-0.75,-0.01,-0.00,-0.66,-0.89,-0.00,0.01,-0.45,100.54
0,1020,-0.84,-0.04,-0.02,-0.54,-0.75,-0.01,-0.00,-0.66,-0.89,-0.00,0.01,-0.45,100.56
0,1026,-0.84,-0.04,-0.02,-0.54,-0.75,-0.01,-0.00,-0.66,-0.89,-0.00,0.01,-0.45,100.56
0,1030,-0.84,-0.04,-0.02,-0.54,-0.75,-0.01,-0.00,-0.66,-0.89,-0.00,0.01,-0.45,100.58
0,1036,-0.84,-0.04,-0.02,-0.54,-0.75,-0.01,-0.00,-0.66,-0.89,-0.00,0.01,-0.45,100.56
0,1041,-0.84,-0.04,-0.02,-0.54,-0.75,-0.01,-0.00,-0.66,-0.89,-0.00,0.01,-0.45,100.58
0,1046,-0.84,-0.04,-0.02,-0.54,-0.75,-0.01,-0.00,-0.66,-0.89,-0.00,0.01,-0.45,100.54
0,1050,-0.84,-0.04,-0.02,-0.54,-0.75,-0.01,-0.00,-0.66,-0.89,-0.00,0.01,-0.45,100.58
0,1061,-0.84,-0.04,-0.02,-0.54,-0.75,-0.01,-0.00,-0.66,-0.89,-0.00,0.01,-0.45,100.56
0,1066,-0.84,-0.04,-0.02,-0.54,-0.75,-0.01,-0.00,-0.66,-0.89,-0.00,0.01,-0.45,100.57
0,1075,-0.84,-0.04,-0.02,-0.54,-0.75,-0.01,-0.00,-0.66,-0.89,-0.00,0.01,-0.45,100.58
0,1086,-0.84,-0.04,-0.02,-0.54,-0.75,-0.01,-0.00,-0.66,-0.89,-0.00,0.01,-0.45,100.58
0,1091,-0.84,-0.04,-0.02,-0.54,-0.75,-0.01,-0.00,-0.66,-0.89,-0.00,0.01,-0.45,100.56
0,1095,-0.84,-0.04,-0.02,-0.54,-0.75,-0.01,-0.00,-0.66,-0.89,-0.00,0.01,-0.45,100.60
0,1101,-0.84,-0.04,-0.02,-0.54,-0.75,-0.01,-0.00,-0.66,-0.89,-0.00,0.01,-0.45,100.56
0,1115,-0.84,-0.04,-0.02,-0.54,-0.75,-0.01,-0.00,-0.66,-0.89,-0.00,0.01,-0.45,100.56
0,1121,-0.84,-0.04,-0.02,-0.54,-0.75,-0.01,-0.00,-0.66,-0.89,-0.00,0.01,-0.45,100.58
0,1126,-0.84,-0.04,-0.02,-0.54,-0.75,-0.01,-0.00,-0.66,-0.89,-0.00,0.01,-0.45,100.58
0,1131,-0.84,-0.04,-0.02,-0.54,-0.75,-0.01,-0.00,-0.66,-0.89,-0.00,0.01,-0.45,100.56
0,1140,-0.84,-0.04,-0.02,-0.54,-0.75,-0.01,-0.00,-0.66,-0.89,-0.00,0.01,-0.45,100.57
0,1145,-0.84,-0.04,-0.02,-0.54,-0.75,-0.01,-0.00,-0.66,-0.89,-0.00,0.01,-0.45,100.55
0,1221,-0.84,-0.04,-0.02,-0.54,-0.75,-0.01,-0.00,-0.66,-0.89,-0.00,0.01,-0.45,100.58
0,1231,-0.84,-0.04,-0.02,-0.54,-0.75,-0.01,-0.00,-0.66,-0.89,-0.00,0.01,-0.45,100.56
0,1235,-0.84,-0.04,-0.02,-0.54,-0.75,-0.01,-0.00,-0.66,-0.89,-0.00,0.01,-0.45,100.56
0,1240,-0.84,-0.04,-0.02,-0.54,-0.75,-0.01,-0.00,-0.66,-0.89,-0.00,0.01,-0.45,100.58
0,1245,-0.84,-0.04,-0.02,-0.54,-0.75,-0.01,-0.00,-0.66,-0.89,-0.00,0.01,-0.45,100.57
0,1285,-0.84,-0.04,-0.02,-0.54,-0.75,-0.01,-0.00,-0.66,-0.89,-0.00,0.01,-0.45,100.58
0,1290,-0.84,-0.04,-0.02,-0.54,-0.75,-0.01,-0.00,-0.66,-0.89,-0.00,0.01,-0.45,100.56
0,1295,-0.84,-0.04,-0.02,-0.54,-0.75,-0.01,-0.00,-0.66,-0.89,-0.00,0.01,-0.45,100.56
0,1301,-0.84,-0.04,-0.02,-0.54,-0.75,-0.01,-0.00,-0.66,-0.89,-0.00,0.01,-0.45,100.54
0,1306,-0.84,-0.04,-0.02,-0.54,-0.75,-0.01,-0.00,-0.66,-0.89,-0.00,0.01,-0.45,100.58
0,1311,-0.84,-0.04,-0.02,-0.54,-0.75,-0.01,-0.00,-0.66,-0.89,-0.00,0.01,-0.45,100.58
0,1315,-0.84,-0.04,-0.02,-0.54,-0.75,-0.01,-0.00,-0.66,-0.89,-0.00,0.01,-0.45,100.58
0,1320,-0.84,-0.04,-0.02,-0.54,-0.75,-0.01,-0.00,-0.66,-0.89,-0.00,0.01,-0.45,100.58
0,1330,-0.84,-0.04,-0.02,-0.54,-0.75,-0.01,-0.00,-0.66,-0.89,-0.00,0.01,-0.45,100.56
0,1335,-0.84,-0.04,-0.02,-0.54,-0.75,-0.01,-0.00,-0.66,-0.89,-0.00,0.01,-0.45,100.58
0,1340,-0.84,-0.04,-0.02,-0.54,-0.75,-0.01,-0.00,-0.66,-0.89,-0.00,0.01,-0.45,100.58
0,1345,-0.84,-0.04,-0.02,-0.54,-0.75,-0.01,-0.00,-0.66,-0.89,-0.00,0.01,-0.45,100.56
0,1356,-0.84,-0.04,-0.02,-0.54,-0.75,-0.01,-0.00,-0.66,-0.89,-0.00,0.01,-0.45,100.58
0,1361,-0.84,-0.04,-0.02,-0.54,-0.75,-0.01,-0.00,-0.66,-0.89,-0.00,0.01,-0.45,100.58
0,1365,-0.84,-0.04,-0.02,-0.54,-0.75,-0.01,-0.00,-0.66,-0.89,-0.00,0.01,-0.45,100.56
0,1371,-0.84,-0.04,-0.02,-0.54,-0.75,-0.01,-0.00,-0.66,-0.89,-0.00,0.01,-0.45,100.56
0,1381,-0.84,-0.04,-0.02,-0.54,-0.75,-0.01,-0.00,-0.66,-0.89,-0.00,0.01,-0.45,100.56
0,1386,-0.84,-0.04,-0.02,-0.54,-0.75,-0.01,-0.00,-0.66,-0.89,-0.00,0.01,-0.45,100.58
0,1390,-0.84,-0.04,-0.02,-0.54,-0.75,-0.01,-0.00,-0.66,-0.89,-0.00,0.01,-0.45,100.56
0,1396,-0.84,-0.04,-0.02,-0.54,-0.75,-0.01,-0.00,-0.66,-0.89,-0.00,0.01,-0.45,100.56
0,1401,-0.84,-0.04,-0.02,-0.54,-0.75,-0.01,-0.00,-0.66,-0.89,-0.00,0.01,-0.45,100.58
0,1406,-0.84,-0.04,-0.02,-0.54,-0.75,-0.01,-0.00,-0.66,-0.89,-0.00,0.01,-0.45,100.55
0,1410,-0.84,-0.04,-0.02,-0.54,-0.75,-0.01,-0.00,-0.66,-0.89,-0.00,0.01,-0.45,100.58
0,1416,-0.84,-0.04,-0.02,-0.54,-0.75,-0.01,-0.00,-0.66,-0.89,-0.00,0.01,-0.45,100.59
0,1425,-0.84,-0.04,-0.02,-0.54,-0.75,-0.01,-0.00,-0.66,-0.89,-0.00,0.01,-0.45,100.58
0,1430,-0.84,-0.04,-0.02,-0.54,-0.75,-0.01,-0.00,-0.66,-0.89,-0.00,0.01,-0.45,100.56
0,1436,-0.84,-0.04,-0.02,-0.54,-0.75,-0.01,-0.00,-0.66,-0.89,-0.00,0.01,-0.45,100.55
0,1441,-0.84,-0.04,-0.02,-0.54,-0.75,-0.01,-0.00,-0.66,-0.89,-0.00,0.01,-0.45,100.54
0,1450,-0.84,-0.04,-0.02,-0.54,-0.75,-0.01,-0.00,-0.66,-0.89,-0.00,0.01,-0.45,100.56
0,1455,-0.84,-0.04,-0.02,-0.54,-0.75,-0.01,-0.00,-0.66,-0.89,-0.00,0.01,-0.45,100.58
0,1461,-0.84,-0.04,-0.02,-0.54,-0.75,-0.01,-0.00,-0.66,-0.89,-0.00,0.01,-0.45,100.56
0,1466,-0.84,-0.04,-0.02,-0.54,-0.75,-0.01,-0.00,-0.66,-0.89,-0.00,0.01,-0.45,100.58
0,1476,-0.84,-0.04,-0.02,-0.54,-0.75,-0.01,-0.00,-0.66,-0.89,-0.00,0.01,-0.45,100.54
0,1480,-0.84,-0.04,-0.02,-0.54,-0.75,-0.01,-0.00,-0.66,-0.89,-0.00,0.01,-0.45,100.58
0,1486,-0.84,-0.04,-0.02,-0.54,-0.75,-0.01,-0.00,-0.66,-0.89,-0.00,0.01,-0.45,100.56
0,1491,-0.84,-0.04,-0.02,-0.54,-0.75,-0.01,-0.00,-0.66,-0.89,-0.00,0.01,-0.45,100.58
0,1500,-0.84,-0.04,-0.02,-0.54,-0.75,-0.01,-0.00,-0.66,-0.89,-0.00,0.01,-0.45,100.56
0,1506,-0.84,-0.04,-0.02,-0.54,-0.75,-0.01,-0.00,-0.66,-0.89,-0.00,0.01,-0.45,100.56
0,1511,-0.84,-0.04,-0.02,-0.54,-0.75,-0.01,-0.00,-0.66,-0.89,-0.00,0.01,-0.45,100.58
0,1515,-0.84,-0.04,-0.02,-0.54,-0.75,-0.01,-0.00,-0.66,-0.89,-0.00,0.01,-0.45,100.54
0,1526,-0.84,-0.04,-0.02,-0.54,-0.75,-0.01,-0.00,-0.66,-0.89,-0.00,0.01,-0.45,100.54
0,1531,-0.84,-0.04,-0.02,-0.54,-0.75,-0.01,-0.00,-0.66,-0.89,-0.00,0.01,-0.45,100.58
0,1536,-0.84,-0.04,-0.02,-0.54,-0.75,-0.01,-0.00,-0.66,-0.89,-0.00,0.01,-0.45,100.55
0,1540,-0.84,-0.04,-0.02,-0.54,-0.75,-0.01,-0.00,-0.66,-0.89,-0.00,0.01,-0.45,100.54
0,1550,-0.84,-0.04,-0.02,-0.54,-0.75,-0.01,-0.00,-0.66,-0.89,-0.00,0.01,-0.45,100.57
0,1556,-0.84,-0.04,-0.02,-0.54,-0.75,-0.01,-0.00,-0.66,-0.89,-0.00,0.01,-0.45,100.58
0,1561,-0.84,-0.04,-0.02,-0.54,-0.75,-0.01,-0.00,-0.66,-0.89,-0.00,0.01,-0.45,100.56
0,1566,-0.84,-0.04,-0.02,-0.54,-0.75,-0.01,-0.00,-0.66,-0.89,-0.00,0.01,-0.45,100.56
0,1570,-0.84,-0.04,-0.02,-0.54,-0.75,-0.01,-0.00,-0.66,-0.89,-0.00,0.01,-0.45,100.57
0,1576,-0.84,-0.04,-0.02,-0.54,-0.75,-0.01,-0.00,-0.66,-0.89,-0.00,0.01,-0.45,100.58
0,1581,-0.84,-0.04,-0.02,-0.54,-0.75,-0.01,-0.00,-0.66,-0.89,-0.00,0.01,-0.45,100.56
0,1585,-0.84,-0.04,-0.02,-0.54,-0.75,-0.01,-0.00,-0.66,-0.89,-0.00,0.01,-0.45,100.56
0,1596,-0.84,-0.04,-0.02,-0.54,-0.75,-0.01,-0.00,-0.66,-0.89,-0.00,0.01,-0.45,100.56
0,1601,-0.84,-0.04,-0.02,-0.54,-0.75,-0.01,-0.00,-0.66,-0.89,-0.00,0.01,-0.45,100.56
0,1605,-0.84,-0.04,-0.02,-0.54,-0.75,-0.01,-0.00,-0.66,-0.89,-0.00,0.01,-0.45,100.56
0,1611,-0.84,-0.04,-0.02,-0.54,-0.75,-0.01,-0.00,-0.66,-0.89,-0.00,0.01,-0.45,100.58
0,1621,-0.84,-0.04,-0.02,-0.54,-0.75,-0.01,-0.00,-0.66,-0.89,-0.00,0.01,-0.45,100.54
0,1626,-0.84,-0.04,-0.02,-0.54,-0.75,-0.01,-0.00,-0.66,-0.89,-0.00,0.01,-0.45,100.58
0,1635,-0.84,-0.04,-0.02,-0.54,-0.75,-0.01,-0.00,-0.66,-0.89,-0.00,0.01,-0.45,100.56
0,1641,-0.84,-0.04,-0.02,-0.54,-0.75,-0.01,-0.00,-0.66,-0.89,-0.00,0.01,-0.45,100.56
0,1645,-0.84,-0.04,-0.02,-0.54,-0.75,-0.01,-0.00,-0.66,-0.89,-0.00,0.01,-0.45,100.58
0,1651,-0.84,-0.04,-0.02,-0.54,-0.75,-0.01,-0.00,-0.66,-0.89,-0.00,0.01,-0.45,100.57
0,1656,-0.84,-0.04,-0.02,-0.54,-0.75,-0.01,-0.00,-0.66,-0.89,-0.00,0.01,-0.45,100.56
0,1660,-0.84,-0.04,-0.02,-0.54,-0.75,-0.01,-0.00,-0.66,-0.89,-0.00,0.01,-0.45,100.56
0,1666,-0.84,-0.04,-0.02,-0.54,-0.75,-0.01,-0.00,-0.66,-0.89,-0.00,0.01,-0.45,100.56
0,1671,-0.84,-0.04,-0.02,-0.54,-0.75,-0.01,-0.00,-0.66,-0.89,-0.00,0.01,-0.45,100.60
0,1676,-0.84,-0.04,-0.02,-0.54,-0.75,-0.01,-0.00,-0.66,-0.89,-0.00,0.01,-0.45,100.53
0,1681,-0.84,-0.04,-0.02,-0.54,-0.75,-0.01,-0.00,-0.66,-0.89,-0.00,0.01,-0.45,100.58
0,1695,-0.84,-0.04,-0.02,-0.54,-0.75,-0.01,-0.00,-0.66,-0.89,-0.00,0.01,-0.45,100.54
0,1701,-0.84,-0.04,-0.02,-0.54,-0.75,-0.01,-0.00,-0.66,-0.89,-0.00,0.01,-0.45,100.56
0,1706,-0.84,-0.04,-0.02,-0.54,-0.75,-0.01,-0.00,-0.66,-0.89,-0.00,0.01,-0.45,100.58
0,1711,-0.84,-0.04,-0.02,-0.54,-0.75,-0.01,-0.00,-0.66,-0.89,-0.00,0.01,-0.45,100.56
0,1725,-0.84,-0.04,-0.02,-0.54,-0.75,-0.01,-0.00,-0.66,-0.89,0.00,0.00,-0.45,100.56
0,1730,-0.84,-0.04,-0.02,-0.54,-0.75,-0.01,-0.00,-0.66,-0.89,0.00,0.00,-0.45,100.58
0,1735,-0.84,-0.04,-0.02,-0.54,-0.75,-0.01,-0.00,-0.66,-0.89,0.00,0.00,-0.45,100.57
0,1740,-0.84,-0.04,-0.02,-0.54,-0.75,-0.01,-0.00,-0.66,-0.89,0.00,0.00,-0.45,100.56
0,1755,-0.84,-0.04,-0.02,-0.54,-0.75,-0.01,-0.00,-0.66,-0.89,0.00,0.00,-0.45,100.57
0,1760,-0.84,-0.04,-0.02,-0.54,-0.75,-0.01,-0.00,-0.66,-0.89,0.00,0.00,-0.45,100.56
0,1766,-0.84,-0.04,-0.02,-0.54,-0.75,-0.01,-0.00,-0.66,-0.89,0.00,0.00,-0.45,100.56
0,1771,-0.84,-0.04,-0.02,-0.54,-0.75,-0.01,-0.00,-0.66,-0.89,-0.00,0.00,-0.45,100.60
0,1786,-0.84,-0.04,-0.02,-0.54,-0.75,-0.01,-0.00,-0.66,-0.89,-0.00,0.01,-0.45,100.56
0,1791,-0.84,-0.04,-0.02,-0.54,-0.75,-0.01,-0.00,-0.66,-0.89,-0.00,0.01,-0.45,100.58
0,1796,-0.84,-0.04,-0.02,-0.54,-0.75,-0.01,-0.00,-0.66,-0.89,-0.00,0.01,-0.45,100.56
0,1801,-0.84,-0.04,-0.02,-0.54,-0.75,-0.01,-0.00,-0.66,-0.89,-0.00,0.01,-0.45,100.58
0,1810,-0.84,-0.04,-0.02,-0.54,-0.75,-0.01,-0.00,-0.66,-0.89,-0.00,0.01,-0.45,100.57
0,1816,-0.84,-0.04,-0.02,-0.54,-0.75,-0.01,-0.00,-0.66,-0.90,-0.00,0.01,-0.45,100.58
0,1821,-0.84,-0.04,-0.02,-0.54,-0.75,-0.01,-0.00,-0.66,-0.90,-0.00,0.01,-0.45,100.57
0,1826,-0.84,-0.04,-0.02,-0.54,-0.75,-0.01,-0.00,-0.66,-0.90,-0.00,0.01,-0.45,100.56
0,1830,-0.84,-0.04,-0.02,-0.54,-0.75,-0.01,-0.00,-0.66,-0.90,-0.00,0.01,-0.45,100.58
0,1845,-0.84,-0.04,-0.02,-0.54,-0.75,-0.01,-0.00,-0.66,-0.89,-0.00,0.01,-0.45,100.56
0,1850,-0.84,-0.04,-0.02,-0.54,-0.75,-0.01,-0.00,-0.66,-0.89,-0.00,0.01,-0.45,100.56
0,1855,-0.84,-0.04,-0.02,-0.54,-0.75,-0.01,-0.00,-0.66,-0.89,-0.00,0.01,-0.45,100.57
0,1870,-0.84,-0.04,-0.02,-0.54,-0.75,-0.01,-0.00,-0.66,-0.89,-0.00,0.01,-0.45,100.56
0,1876,-0.84,-0.04,-0.02,-0.54,-0.75,-0.01,-0.00,-0.66,-0.89,-0.00,0.01,-0.45,100.56
0,1881,-0.84,-0.04,-0.02,-0.54,-0.75,-0.01,-0.00,-0.66,-0.89,-0.01,0.01,-0.45,100.58
0,1886,-0.84,-0.04,-0.02,-0.54,-0.75,-0.01,-0.00,-0.66,-0.89,-0.01,0.01,-0.45,100.58
0,1900,-0.84,-0.04,-0.02,-0.54,-0.75,-0.01,-0.00,-0.66,-0.89,-0.01,0.01,-0.45,100.55
0,1905,-0.84,-0.04,-0.02,-0.54,-0.75,-0.01,-0.00,-0.66,-0.90,-0.01,0.01,-0.45,100.56
0,1911,-0.84,-0.04,-0.02,-0.54,-0.75,-0.01,-0.00,-0.66,-0.90,-0.01,0.01,-0.45,100.56
0,1916,-0.84,-0.04,-0.02,-0.54,-0.75,-0.01,-0.00,-0.66,-0.90,-0.01,0.01,-0.45,100.56
0,1930,-0.84,-0.04,-0.02,-0.54,-0.75,-0.01,-0.00,-0.66,-0.90,-0.01,0.01,-0.44,100.57
0,1935,-0.84,-0.04,-0.02,-0.54,-0.75,-0.01,-0.00,-0.66,-0.90,-0.01,0.01,-0.44,100.54
0,1941,-0.84,-0.04,-0.02,-0.54,-0.75,-0.01,-0.00,-0.66,-0.90,-0.01,0.01,-0.44,100.54
0,1946,-0.84,-0.04,-0.02,-0.54,-0.75,-0.01,-0.00,-0.66,-0.90,-0.01,0.01,-0.44,100.58
0,1971,-0.84,-0.04,-0.02,-0.54,-0.75,-0.01,-0.00,-0.66,-0.90,-0.01,0.01,-0.44,100.57
0,1976,-0.84,-0.04,-0.02,-0.54,-0.75,-0.01,-0.00,-0.66,-0.90,-0.01,0.01,-0.44,100.58
0,1981,-0.84,-0.04,-0.02,-0.54,-0.75,-0.01,-0.00,-0.66,-0.90,-0.01,0.01,-0.44,100.54
0,1985,-0.84,-0.04,-0.02,-0.54,-0.75,-0.01,-0.00,-0.66,-0.90,-0.01,0.01,-0.44,100.58
0,2001,-0.84,-0.04,-0.02,-0.54,-0.75,-0.01,-0.00,-0.66,-0.90,-0.01,0.01,-0.44,100.58
0,2006,-0.84,-0.04,-0.02,-0.54,-0.75,-0.01,-0.00,-0.66,-0.90,-0.01,0.01,-0.44,100.57
0,2011,-0.84,-0.04,-0.02,-0.54,-0.75,-0.01,-0.00,-0.66,-0.90,-0.01,0.01,-0.44,100.56
0,2025,-0.84,-0.04,-0.02,-0.54,-0.75,-0.01,-0.00,-0.66,-0.90,-0.01,0.01,-0.44,100.56
0,2031,-0.84,-0.04,-0.02,-0.54,-0.75,-0.01,-0.00,-0.66,-0.90,-0.01,0.01,-0.44,100.58
0,2035,-0.84,-0.04,-0.02,-0.54,-0.75,-0.01,-0.00,-0.66,-0.90,-0.01,0.01,-0.44,100.56
0,2041,-0.84,-0.04,-0.02,-0.54,-0.75,-0.01,-0.00,-0.66,-0.90,-0.01,0.01,-0.44,100.58
0,2050,-0.84,-0.04,-0.02,-0.54,-0.75,-0.01,-0.00,-0.66,-0.90,-0.02,0.01,-0.43,100.58
0,2055,-0.84,-0.04,-0.02,-0.54,-0.75,-0.01,-0.00,-0.66,-0.90,-0.02,0.01,-0.43,100.56
0,2065,-0.84,-0.04,-0.02,-0.54,-0.75,-0.01,-0.00,-0.66,-0.90,-0.02,0.01,-0.43,100.58
0,2071,-0.84,-0.04,-0.02,-0.54,-0.75,-0.01,-0.00,-0.66,-0.90,-0.03,0.01,-0.43,100.58
0,2085,-0.84,-0.04,-0.02,-0.54,-0.75,-0.01,-0.00,-0.66,-0.91,-0.03,0.01,-0.42,100.56
0,2091,-0.84,-0.04,-0.02,-0.54,-0.75,-0.01,-0.00,-0.66,-0.91,-0.03,0.01,-0.42,100.58
0,2096,-0.84,-0.04,-0.02,-0.54,-0.75,-0.01,-0.00,-0.66,-0.91,-0.03,0.01,-0.42,100.57
0,2101,-0.84,-0.04,-0.02,-0.54,-0.75,-0.01,-0.00,-0.66,-0.91,-0.04,0.01,-0.42,100.58
0,2121,-0.84,-0.04,-0.02,-0.54,-0.75,-0.01,-0.00,-0.66,-0.91,-0.04,0.02,-0.42,100.57
0,2126,-0.84,-0.04,-0.02,-0.54,-0.75,-0.01,-0.00,-0.66,-0.91,-0.04,0.02,-0.42,100.56
0,2131,-0.84,-0.04,-0.02,-0.54,-0.75,-0.01,-0.00,-0.66,-0.91,-0.05,0.02,-0.42,100.58
0,2140,-0.84,-0.04,-0.02,-0.54,-0.75,-0.01,-0.00,-0.66,-0.91,-0.05,0.02,-0.42,100.58
0,2150,-0.84,-0.04,-0.02,-0.54,-0.75,-0.01,-0.00,-0.66,-0.91,-0.05,0.02,-0.42,100.55
0,2156,-0.84,-0.04,-0.02,-0.54,-0.75,-0.01,-0.00,-0.66,-0.91,-0.06,0.02,-0.41,100.56
0,2166,-0.84,-0.04,-0.02,-0.54,-0.75,-0.01,-0.00,-0.66,-0.91,-0.06,0.02,-0.41,100.56
0,2170,-0.84,-0.04,-0.02,-0.54,-0.75,-0.01,-0.00,-0.66,-0.91,-0.07,0.02,-0.41,100.58
0,2181,-0.84,-0.04,-0.02,-0.54,-0.75,-0.01,-0.00,-0.66,-0.91,-0.07,0.03,-0.41,100.58
0,2186,-0.84,-0.04,-0.02,-0.54,-0.75,-0.01,-0.00,-0.66,-0.91,-0.08,0.03,-0.40,100.57
0,2190,-0.84,-0.04,-0.02,-0.54,-0.75,-0.01,-0.00,-0.66,-0.91,-0.08,0.03,-0.40,100.58
0,2195,-0.84,-0.04,-0.02,-0.54,-0.75,-0.01,-0.00,-0.66,-0.91,-0.08,0.03,-0.40,100.61
0,2206,-0.84,-0.04,-0.02,-0.54,-0.75,-0.01,-0.00,-0.66,-0.92,-0.09,0.03,-0.39,100.57
0,2211,-0.84,-0.04,-0.02,-0.54,-0.75,-0.01,-0.00,-0.66,-0.92,-0.09,0.03,-0.39,100.52
0,2220,-0.84,-0.04,-0.02,-0.54,-0.75,-0.01,-0.00,-0.66,-0.92,-0.10,0.04,-0.39,100.60
0,2235,-0.84,-0.04,-0.02,-0.54,-0.75,-0.01,-0.00,-0.66,-0.92,-0.10,0.04,-0.38,100.56
0,2246,-0.84,-0.04,-0.02,-0.54,-0.75,-0.01,-0.00,-0.66,-0.92,-0.10,0.05,-0.38,100.56
0,2255,-0.84,-0.04,-0.02,-0.54,-0.75,-0.01,-0.00,-0.66,-0.92,-0.11,0.05,-0.38,100.60
0,2265,-0.84,-0.04,-0.02,-0.54,-0.75,-0.01,-0.00,-0.66,-0.92,-0.11,0.06,-0.38,100.58
0,2271,-0.84,-0.04,-0.02,-0.54,-0.75,-0.01,-0.00,-0.66,-0.92,-0.11,0.06,-0.38,100.56
0,2280,-0.84,-0.04,-0.02,-0.54,-0.75,-0.01,-0.00,-0.66,-0.92,-0.12,0.06,-0.38,100.56
0,2285,-0.84,-0.04,-0.02,-0.54,-0.75,-0.01,-0.00,-0.66,-0.92,-0.12,0.07,-0.38,100.56
0,2291,-0.84,-0.04,-0.02,-0.54,-0.75,-0.01,-0.00,-0.66,-0.91,-0.13,0.07,-0.38,100.56
0,2296,-0.84,-0.04,-0.02,-0.54,-0.75,-0.01,-0.00,-0.66,-0.91,-0.13,0.07,-0.38,100.56
0,2306,-0.84,-0.04,-0.02,-0.54,-0.75,-0.01,-0.00,-0.66,-0.91,-0.14,0.08,-0.38,100.54
0,2311,-0.84,-0.04,-0.02,-0.54,-0.75,-0.01,-0.00,-0.66,-0.91,-0.14,0.08,-0.38,100.56
0,2316,-0.84,-0.04,-0.02,-0.54,-0.75,-0.01,-0.00,-0.66,-0.91,-0.15,0.08,-0.37,100.58
0,2320,-0.84,-0.04,-0.02,-0.54,-0.75,-0.01,-0.00,-0.66,-0.91,-0.15,0.08,-0.37,100.58
0,2331,-0.84,-0.04,-0.02,-0.54,-0.75,-0.01,-0.00,-0.66,-0.91,-0.16,0.09,-0.37,100.56
0,2340,-0.84,-0.04,-0.02,-0.54,-0.75,-0.01,-0.00,-0.66,-0.91,-0.17,0.10,-0.37,100.58
0,2346,-0.84,-0.04,-0.02,-0.54,-0.75,-0.01,-0.00,-0.66,-0.91,-0.17,0.10,-0.37,100.56
0,2351,-0.84,-0.04,-0.02,-0.54,-0.75,-0.01,-0.00,-0.66,-0.91,-0.18,0.10,-0.36,100.54
0,2360,-0.84,-0.04,-0.02,-0.54,-0.75,-0.01,-0.00,-0.66,-0.91,-0.19,0.11,-0.36,100.56
0,2375,-0.84,-0.04,-0.02,-0.54,-0.75,-0.01,-0.00,-0.66,-0.91,-0.20,0.12,-0.36,100.57
0,2381,-0.84,-0.04,-0.02,-0.54,-0.75,-0.01,-0.00,-0.66,-0.90,-0.20,0.12,-0.36,100.56
0,2386,-0.84,-0.04,-0.02,-0.54,-0.75,-0.01,-0.00,-0.66,-0.90,-0.20,0.12,-0.35,100.56
0,2390,-0.84,-0.04,-0.02,-0.54,-0.75,-0.01,-0.00,-0.66,-0.90,-0.21,0.13,-0.35,100.54
0,2400,-0.84,-0.04,-0.02,-0.54,-0.75,-0.01,-0.00,-0.66,-0.90,-0.21,0.13,-0.35,100.54
0,2406,-0.84,-0.04,-0.02,-0.54,-0.75,-0.01,-0.00,-0.66,-0.90,-0.22,0.14,-0.35,100.54
0,2411,-0.84,-0.04,-0.02,-0.54,-0.75,-0.01,-0.00,-0.66,-0.90,-0.22,0.14,-0.35,100.56
0,2421,-0.84,-0.04,-0.02,-0.54,-0.75,-0.01,-0.00,-0.66,-0.90,-0.23,0.15,-0.34,100.54
0,2425,-0.84,-0.04,-0.02,-0.54,-0.75,-0.01,-0.00,-0.66,-0.90,-0.23,0.15,-0.34,100.56
0,2430,-0.84,-0.04,-0.02,-0.54,-0.75,-0.01,-0.00,-0.66,-0.90,-0.23,0.15,-0.34,100.57
0,2436,-0.84,-0.04,-0.02,-0.54,-0.75,-0.01,-0.00,-0.66,-0.90,-0.24,0.16,-0.34,100.55
0,2446,-0.84,-0.04,-0.02,-0.54,-0.75,-0.01,-0.00,-0.66,-0.90,-0.24,0.16,-0.33,100.57
0,2451,-0.84,-0.04,-0.02,-0.54,-0.75,-0.01,-0.00,-0.66,-0.90,-0.25,0.17,-0.33,100.56
0,2465,-0.84,-0.04,-0.02,-0.54,-0.75,-0.01,-0.00,-0.66,-0.89,-0.26,0.18,-0.33,100.58
0,2471,-0.84,-0.04,-0.02,-0.54,-0.75,-0.01,-0.00,-0.66,-0.89,-0.26,0.18,-0.32,100.56
0,2481,-0.84,-0.04,-0.02,-0.54,-0.75,-0.01,-0.00,-0.66,-0.89,-0.27,0.19,-0.32,100.56
0,2490,-0.84,-0.04,-0.02,-0.54,-0.75,-0.01,-0.00,-0.66,-0.88,-0.28,0.20,-0.32,100.58
0,2495,-0.84,-0.04,-0.02,-0.54,-0.75,-0.01,-0.00,-0.66,-0.88,-0.29,0.20,-0.32,100.57
0,2501,-0.84,-0.04,-0.02,-0.54,-0.75,-0.01,-0.00,-0.66,-0.88,-0.29,0.21,-0.32,100.56
0,2511,-0.84,-0.04,-0.02,-0.54,-0.75,-0.01,-0.00,-0.66,-0.87,-0.30,0.22,-0.31,100.58
0,2516,-0.84,-0.04,-0.02,-0.54,-0.75,-0.01,-0.00,-0.66,-0.87,-0.31,0.22,-0.31,100.58
0,2520,-0.84,-0.04,-0.02,-0.54,-0.75,-0.01,-0.00,-0.66,-0.87,-0.31,0.23,-0.31,100.57
0,2526,-0.84,-0.04,-0.02,-0.54,-0.75,-0.01,-0.00,-0.66,-0.86,-0.32,0.23,-0.31,100.56
0,2536,-0.84,-0.04,-0.02,-0.54,-0.75,-0.01,-0.00,-0.66,-0.86,-0.33,0.24,-0.31,100.58
0,2545,-0.84,-0.04,-0.02,-0.54,-0.75,-0.01,-0.00,-0.66,-0.85,-0.34,0.25,-0.30,100.58
0,2550,-0.84,-0.04,-0.02,-0.54,-0.75,-0.01,-0.00,-0.66,-0.85,-0.35,0.26,-0.30,100.56
0,2556,-0.84,-0.04,-0.02,-0.54,-0.75,-0.01,-0.00,-0.66,-0.85,-0.35,0.26,-0.30,100.57
0,2561,-0.84,-0.04,-0.02,-0.54,-0.75,-0.01,-0.00,-0.66,-0.85,-0.36,0.27,-0.29,100.58
0,2565,-0.84,-0.04,-0.02,-0.54,-0.75,-0.01,-0.00,-0.66,-0.84,-0.36,0.27,-0.29,100.56
0,2575,-0.84,-0.04,-0.02,-0.54,-0.75,-0.01,-0.00,-0.66,-0.84,-0.37,0.28,-0.29,100.56
0,2585,-0.84,-0.04,-0.02,-0.54,-0.75,-0.01,-0.00,-0.66,-0.83,-0.38,0.29,-0.28,100.57
0,2591,-0.84,-0.04,-0.02,-0.54,-0.75,-0.01,-0.00,-0.66,-0.83,-0.39,0.30,-0.28,100.56
0,2595,-0.84,-0.04,-0.02,-0.54,-0.75,-0.01,-0.00,-0.66,-0.82,-0.39,0.30,-0.28,100.58
0,2601,-0.84,-0.04,-0.02,-0.54,-0.75,-0.01,-0.00,-0.66,-0.82,-0.40,0.31,-0.28,100.54
0,2615,-0.84,-0.04,-0.02,-0.54,-0.75,-0.01,-0.00,-0.66,-0.80,-0.42,0.33,-0.27,100.56
0,2621,-0.84,-0.04,-0.02,-0.54,-0.75,-0.01,-0.00,-0.66,-0.80,-0.42,0.33,-0.27,100.61
0,2626,-0.84,-0.04,-0.02,-0.54,-0.75,-0.01,-0.00,-0.66,-0.80,-0.43,0.34,-0.26,100.56
0,2635,-0.84,-0.04,-0.02,-0.54,-0.75,-0.01,-0.00,-0.66,-0.79,-0.44,0.35,-0.25,100.56
0,2641,-0.84,-0.04,-0.02,-0.54,-0.75,-0.01,-0.00,-0.66,-0.79,-0.44,0.35,-0.25,100.57
0,2646,-0.84,-0.04,-0.02,-0.54,-0.75,-0.01,-0.00,-0.66,-0.78,-0.45,0.35,-0.25,100.57
0,2650,-0.84,-0.04,-0.02,-0.54,-0.75,-0.01,-0.00,-0.66,-0.78,-0.45,0.36,-0.24,100.54
0,2656,-0.84,-0.04,-0.02,-0.54,-0.75,-0.01,-0.00,-0.66,-0.78,-0.45,0.36,-0.24,100.58
0,2661,-0.84,-0.04,-0.02,-0.54,-0.75,-0.01,-0.00,-0.66,-0.77,-0.46,0.37,-0.24,100.57
0,2675,-0.84,-0.04,-0.02,-0.54,-0.75,-0.01,-0.00,-0.66,-0.76,-0.47,0.38,-0.23,100.55
0,2680,-0.84,-0.04,-0.02,-0.54,-0.75,-0.01,-0.00,-0.66,-0.76,-0.47,0.38,-0.22,100.58
0,2686,-0.84,-0.04,-0.02,-0.54,-0.75,-0.01,-0.00,-0.66,-0.76,-0.48,0.39,-0.22,100.57
0,2696,-0.84,-0.04,-0.02,-0.54,-0.75,-0.01,-0.00,-0.66,-0.75,-0.49,0.40,-0.21,100.55
0,2700,-0.84,-0.04,-0.02,-0.54,-0.75,-0.01,-0.00,-0.66,-0.74,-0.49,0.40,-0.21,100.56
0,2706,-0.84,-0.04,-0.02,-0.54,-0.75,-0.01,-0.00,-0.66,-0.74,-0.50,0.41,-0.20,100.54
0,2711,-0.84,-0.04,-0.02,-0.54,-0.75,-0.01,-0.00,-0.66,-0.73,-0.51,0.41,-0.20,100.58
0,2725,-0.84,-0.04,-0.02,-0.54,-0.75,-0.01,-0.00,-0.66,-0.71,-0.52,0.42,-0.19,100.58
0,2731,-0.84,-0.04,-0.02,-0.54,-0.75,-0.01,-0.00,-0.66,-0.71,-0.53,0.43,-0.19,100.58
0,2736,-0.84,-0.04,-0.02,-0.54,-0.75,-0.01,-0.00,-0.66,-0.70,-0.53,0.43,-0.19,100.58
0,2741,-0.84,-0.04,-0.02,-0.54,-0.75,-0.01,-0.00,-0.66,-0.70,-0.54,0.44,-0.18,100.56
0,2746,-0.84,-0.04,-0.02,-0.54,-0.75,-0.01,-0.00,-0.66,-0.69,-0.54,0.44,-0.18,100.56
0,2751,-0.84,-0.04,-0.02,-0.54,-0.75,-0.01,-0.00,-0.66,-0.69,-0.55,0.44,-0.18,100.57
0,2765,-0.84,-0.04,-0.02,-0.54,-0.75,-0.01,-0.00,-0.66,-0.67,-0.56,0.45,-0.16,100.56
0,2770,-0.84,-0.04,-0.02,-0.54,-0.75,-0.01,-0.00,-0.66,-0.67,-0.57,0.45,-0.16,100.58
0,2781,-0.84,-0.04,-0.02,-0.54,-0.75,-0.01,-0.00,-0.66,-0.66,-0.58,0.45,-0.15,100.56
0,2790,-0.84,-0.04,-0.02,-0.54,-0.75,-0.01,-0.00,-0.66,-0.65,-0.59,0.46,-0.14,100.56
0,2796,-0.84,-0.04,-0.02,-0.54,-0.75,-0.01,-0.00,-0.66,-0.65,-0.59,0.46,-0.14,100.58
0,2800,-0.84,-0.04,-0.02,-0.54,-0.75,-0.01,-0.00,-0.66,-0.64,-0.60,0.46,-0.13,100.54
0,2820,-0.84,-0.04,-0.02,-0.54,-0.75,-0.01,-0.00,-0.66,-0.63,-0.62,0.46,-0.12,100.58
0,2826,-0.84,-0.04,-0.02,-0.54,-0.75,-0.01,-0.00,-0.66,-0.62,-0.62,0.47,-0.12,100.57
0,2831,-0.84,-0.04,-0.02,-0.54,-0.75,-0.01,-0.00,-0.66,-0.62,-0.62,0.47,-0.11,100.54
0,2841,-0.84,-0.04,-0.02,-0.54,-0.75,-0.01,-0.00,-0.66,-0.61,-0.63,0.47,-0.11,100.56
0,2861,-0.84,-0.04,-0.02,-0.54,-0.75,-0.01,-0.00,-0.66,-0.59,-0.65,0.47,-0.09,100.57
0,2866,-0.84,-0.04,-0.02,-0.54,-0.75,-0.01,-0.00,-0.66,-0.59,-0.65,0.47,-0.09,100.52
0,2870,-0.84,-0.04,-0.02,-0.54,-0.75,-0.01,-0.00,-0.66,-0.59,-0.65,0.47,-0.09,100.58
0,2875,-0.84,-0.04,-0.02,-0.54,-0.75,-0.01,-0.00,-0.66,-0.58,-0.66,0.47,-0.08,100.56
0,2880,-0.84,-0.04,-0.02,-0.54,-0.75,-0.01,-0.00,-0.66,-0.58,-0.66,0.47,-0.08,100.55
0,2886,-0.84,-0.04,-0.02,-0.54,-0.75,-0.01,-0.00,-0.66,-0.58,-0.66,0.47,-0.08,100.61
0,2891,-0.84,-0.04,-0.02,-0.54,-0.75,-0.01,-0.00,-0.66,-0.57,-0.67,0.47,-0.08,100.56
0,2900,-0.84,-0.04,-0.02,-0.54,-0.75,-0.01,-0.00,-0.66,-0.57,-0.67,0.47,-0.07,100.56
0,2906,-0.84,-0.04,-0.02,-0.54,-0.75,-0.01,-0.00,-0.66,-0.57,-0.67,0.47,-0.07,100.59
0,2911,-0.84,-0.04,-0.02,-0.54,-0.75,-0.01,-0.00,-0.66,-0.57,-0.68,0.47,-0.07,100.58
0,2925,-0.84,-0.04,-0.02,-0.54,-0.75,-0.01,-0.00,-0.66,-0.56,-0.68,0.47,-0.06,100.58
0,2935,-0.84,-0.04,-0.02,-0.54,-0.75,-0.01,-0.00,-0.66,-0.56,-0.68,0.47,-0.06,100.57
0,2941,-0.84,-0.04,-0.02,-0.54,-0.75,-0.01,-0.00,-0.66,-0.56,-0.69,0.47,-0.06,100.56
0,2946,-0.84,-0.04,-0.02,-0.54,-0.75,-0.01,-0.00,-0.66,-0.55,-0.69,0.47,-0.06,100.56
0,2956,-0.84,-0.04,-0.02,-0.54,-0.75,-0.01,-0.00,-0.66,-0.55,-0.69,0.47,-0.06,100.56
0,2960,-0.84,-0.04,-0.02,-0.54,-0.75,-0.01,-0.00,-0.66,-0.55,-0.69,0.47,-0.06,100.56
0,2966,-0.84,-0.04,-0.02,-0.54,-0.75,-0.01,-0.00,-0.66,-0.55,-0.69,0.47,-0.06,100.56
0,2971,-0.84,-0.04,-0.02,-0.54,-0.75,-0.01,-0.00,-0.66,-0.55,-0.69,0.47,-0.06,100.58
0,2985,-0.84,-0.04,-0.02,-0.54,-0.75,-0.01,-0.00,-0.66,-0.55,-0.69,0.47,-0.06,100.55
0,2991,-0.84,-0.04,-0.02,-0.54,-0.75,-0.01,-0.00,-0.66,-0.55,-0.69,0.46,-0.06,100.56
0,2996,-0.84,-0.04,-0.02,-0.54,-0.75,-0.01,-0.00,-0.66,-0.55,-0.69,0.46,-0.06,100.55
0,3001,-0.84,-0.04,-0.02,-0.54,-0.75,-0.01,-0.00,-0.66,-0.55,-0.69,0.46,-0.06,100.57
0,3025,-0.84,-0.04,-0.02,-0.54,-0.75,-0.01,-0.00,-0.66,-0.55,-0.69,0.46,-0.06,100.56
0,3031,-0.84,-0.04,-0.02,-0.54,-0.75,-0.01,-0.00,-0.66,-0.55,-0.69,0.46,-0.06,100.56
0,3036,-0.84,-0.04,-0.02,-0.54,-0.75,-0.01,-0.00,-0.66,-0.55,-0.69,0.46,-0.06,100.58
0,3041,-0.84,-0.04,-0.02,-0.54,-0.75,-0.01,-0.00,-0.66,-0.55,-0.69,0.46,-0.07,100.58
0,3046,-0.84,-0.04,-0.02,-0.54,-0.75,-0.01,-0.00,-0.66,-0.55,-0.69,0.46,-0.07,100.56
0,3050,-0.84,-0.04,-0.02,-0.54,-0.75,-0.01,-0.00,-0.66,-0.55,-0.69,0.46,-0.07,100.58
0,3055,-0.84,-0.04,-0.02,-0.54,-0.75,-0.01,-0.00,-0.66,-0.55,-0.69,0.46,-0.07,100.56
0,3061,-0.84,-0.04,-0.02,-0.54,-0.75,-0.01,-0.00,-0.66,-0.55,-0.69,0.46,-0.07,100.54
0,3066,-0.84,-0.04,-0.02,-0.54,-0.75,-0.01,-0.00,-0.66,-0.55,-0.69,0.46,-0.07,100.58
0,3076,-0.84,-0.04,-0.02,-0.54,-0.75,-0.01,-0.00,-0.66,-0.56,-0.69,0.46,-0.08,100.56
0,3080,-0.84,-0.04,-0.02,-0.54,-0.75,-0.01,-0.00,-0.66,-0.56,-0.69,0.45,-0.08,100.58
0,3085,-0.84,-0.04,-0.02,-0.54,-0.75,-0.01,-0.00,-0.66,-0.56,-0.69,0.45,-0.08,100.56
0,3110,-0.84,-0.04,-0.02,-0.54,-0.75,-0.01,-0.00,-0.66,-0.58,-0.68,0.45,-0.09,100.56
0,3116,-0.84,-0.04,-0.02,-0.54,-0.75,-0.01,-0.00,-0.66,-0.58,-0.68,0.44,-0.10,100.56
0,3121,-0.84,-0.04,-0.02,-0.54,-0.75,-0.01,-0.00,-0.66,-0.58,-0.67,0.44,-0.10,100.58
0,3125,-0.84,-0.04,-0.02,-0.54,-0.75,-0.01,-0.00,-0.66,-0.59,-0.67,0.44,-0.10,100.56
0,3136,-0.84,-0.04,-0.02,-0.54,-0.75,-0.01,-0.00,-0.66,-0.60,-0.66,0.44,-0.11,100.58
0,3141,-0.84,-0.04,-0.02,-0.54,-0.75,-0.01,-0.00,-0.66,-0.60,-0.66,0.44,-0.12,100.56
0,3146,-0.84,-0.04,-0.02,-0.54,-0.75,-0.01,-0.00,-0.66,-0.61,-0.65,0.44,-0.12,100.56
0,3155,-0.84,-0.04,-0.02,-0.54,-0.75,-0.01,-0.00,-0.66,-0.62,-0.64,0.43,-0.13,100.58
0,3161,-0.84,-0.04,-0.02,-0.54,-0.75,-0.01,-0.00,-0.66,-0.63,-0.64,0.43,-0.14,100.56
0,3166,-0.84,-0.04,-0.02,-0.54,-0.75,-0.01,-0.00,-0.66,-0.63,-0.63,0.43,-0.14,100.56
0,3171,-0.84,-0.04,-0.02,-0.54,-0.75,-0.01,-0.00,-0.66,-0.64,-0.62,0.43,-0.15,100.55
0,3175,-0.84,-0.04,-0.02,-0.54,-0.75,-0.01,-0.00,-0.66,-0.64,-0.62,0.43,-0.16,100.56
0,3185,-0.84,-0.04,-0.02,-0.54,-0.75,-0.01,-0.00,-0.66,-0.65,-0.61,0.42,-0.17,100.56
0,3190,-0.84,-0.04,-0.02,-0.54,-0.75,-0.01,-0.00,-0.66,-0.66,-0.60,0.42,-0.18,100.56
0,3196,-0.84,-0.04,-0.02,-0.54,-0.75,-0.01,-0.00,-0.66,-0.67,-0.59,0.42,-0.18,100.56
0,3210,-0.84,-0.04,-0.02,-0.54,-0.75,-0.01,-0.00,-0.66,-0.68,-0.57,0.41,-0.20,100.58
0,3226,-0.84,-0.04,-0.02,-0.54,-0.75,-0.01,-0.00,-0.66,-0.70,-0.55,0.40,-0.23,100.56
0,3231,-0.84,-0.04,-0.02,-0.54,-0.75,-0.01,-0.00,-0.66,-0.70,-0.54,0.40,-0.24,100.57
0,3236,-0.84,-0.04,-0.02,-0.54,-0.75,-0.01,-0.00,-0.66,-0.71,-0.53,0.40,-0.24,100.58
0,3240,-0.84,-0.04,-0.02,-0.54,-0.75,-0.01,-0.00,-0.66,-0.71,-0.52,0.39,-0.25,100.56
0,3250,-0.84,-0.04,-0.02,-0.54,-0.75,-0.01,-0.00,-0.66,-0.72,-0.51,0.39,-0.27,100.56
0,3256,-0.84,-0.04,-0.02,-0.54,-0.75,-0.01,-0.00,-0.66,-0.73,-0.50,0.39,-0.28,100.57
0,3260,-0.84,-0.04,-0.02,-0.54,-0.75,-0.01,-0.00,-0.66,-0.73,-0.49,0.38,-0.28,100.56
0,3265,-0.84,-0.04,-0.02,-0.54,-0.75,-0.01,-0.00,-0.66,-0.74,-0.48,0.38,-0.29,100.57
0,3281,-0.84,-0.04,-0.02,-0.54,-0.75,-0.01,-0.00,-0.66,-0.75,-0.45,0.37,-0.31,100.56
0,3285,-0.84,-0.04,-0.02,-0.54,-0.75,-0.01,-0.00,-0.66,-0.75,-0.45,0.37,-0.32,100.56
0,3291,-0.84,-0.04,-0.02,-0.54,-0.75,-0.01,-0.00,-0.66,-0.75,-0.44,0.36,-0.33,100.56
0,3300,-0.84,-0.04,-0.02,-0.54,-0.75,-0.01,-0.00,-0.66,-0.76,-0.42,0.35,-0.34,100.56
0,3311,-0.84,-0.04,-0.02,-0.54,-0.75,-0.01,-0.00,-0.66,-0.77,-0.40,0.34,-0.36,100.57
0,3316,-0.84,-0.04,-0.02,-0.54,-0.75,-0.01,-0.00,-0.66,-0.77,-0.39,0.34,-0.37,100.58
0,3325,-0.84,-0.04,-0.02,-0.54,-0.75,-0.01,-0.00,-0.66,-0.78,-0.37,0.33,-0.38,100.58
0,3340,-0.84,-0.04,-0.02,-0.54,-0.75,-0.01,-0.00,-0.66,-0.79,-0.34,0.32,-0.40,100.57
0,3350,-0.84,-0.04,-0.02,-0.54,-0.75,-0.01,-0.00,-0.66,-0.79,-0.32,0.31,-0.42,100.60
0,3356,-0.84,-0.04,-0.02,-0.54,-0.75,-0.01,-0.00,-0.66,-0.79,-0.31,0.31,-0.42,100.56
0,3361,-0.84,-0.04,-0.02,-0.54,-0.75,-0.01,-0.00,-0.66,-0.80,-0.30,0.30,-0.43,100.57
0,3365,-0.84,-0.04,-0.02,-0.54,-0.75,-0.01,-0.00,-0.66,-0.80,-0.29,0.30,-0.44,100.56
0,3371,-0.84,-0.04,-0.02,-0.54,-0.75,-0.01,-0.00,-0.66,-0.80,-0.29,0.29,-0.44,100.56
0,3376,-0.84,-0.04,-0.02,-0.54,-0.75,-0.01,-0.00,-0.66,-0.80,-0.28,0.29,-0.45,100.58
0,3381,-0.84,-0.04,-0.02,-0.54,-0.75,-0.01,-0.00,-0.66,-0.80,-0.27,0.28,-0.45,100.56
0,3390,-0.84,-0.04,-0.02,-0.54,-0.75,-0.01,-0.00,-0.66,-0.80,-0.26,0.27,-0.47,100.58
0,3400,-0.84,-0.04,-0.02,-0.54,-0.75,-0.01,-0.00,-0.66,-0.80,-0.25,0.26,-0.47,100.56
0,3406,-0.84,-0.04,-0.02,-0.54,-0.75,-0.01,-0.00,-0.66,-0.80,-0.24,0.26,-0.48,100.54
0,3415,-0.84,-0.04,-0.02,-0.54,-0.75,-0.01,-0.00,-0.66,-0.80,-0.23,0.25,-0.49,100.60
0,3425,-0.84,-0.04,-0.02,-0.54,-0.75,-0.01,-0.00,-0.66,-0.80,-0.22,0.24,-0.50,100.56
0,3436,-0.84,-0.04,-0.02,-0.54,-0.75,-0.01,-0.00,-0.66,-0.81,-0.20,0.24,-0.50,100.56
0,3441,-0.84,-0.04,-0.02,-0.54,-0.75,-0.01,-0.00,-0.66,-0.81,-0.20,0.24,-0.51,100.56
0,3450,-0.84,-0.04,-0.02,-0.54,-0.75,-0.01,-0.00,-0.66,-0.81,-0.19,0.23,-0.51,100.56
0,3455,-0.84,-0.04,-0.02,-0.54,-0.75,-0.01,-0.00,-0.66,-0.81,-0.19,0.23,-0.51,100.57
0,3466,-0.84,-0.04,-0.02,-0.54,-0.75,-0.01,-0.00,-0.66,-0.81,-0.18,0.22,-0.52,100.56
0,3470,-0.84,-0.04,-0.02,-0.54,-0.75,-0.01,-0.00,-0.66,-0.81,-0.18,0.22,-0.52,100.55
0,3480,-0.84,-0.04,-0.02,-0.54,-0.75,-0.01,-0.00,-0.66,-0.81,-0.18,0.22,-0.52,100.58
0,3486,-0.84,-0.04,-0.02,-0.54,-0.75,-0.01,-0.00,-0.66,-0.81,-0.17,0.22,-0.52,100.56
0,3490,-0.84,-0.04,-0.02,-0.54,-0.75,-0.01,-0.00,-0.66,-0.81,-0.17,0.21,-0.52,100.58
0,3495,-0.84,-0.04,-0.02,-0.54,-0.75,-0.01,-0.00,-0.66,-0.81,-0.17,0.21,-0.52,100.56
0,3510,-0.84,-0.04,-0.02,-0.54,-0.75,-0.01,-0.00,-0.66,-0.81,-0.17,0.21,-0.52,100.58
0,3515,-0.84,-0.04,-0.02,-0.54,-0.75,-0.01,-0.00,-0.66,-0.81,-0.17,0.21,-0.53,100.56
0,3521,-0.84,-0.04,-0.02,-0.54,-0.75,-0.01,-0.00,-0.66,-0.81,-0.16,0.21,-0.53,100.54
0,3526,-0.84,-0.04,-0.02,-0.54,-0.75,-0.01,-0.00,-0.66,-0.81,-0.16,0.21,-0.53,100.57
0,3530,-0.84,-0.04,-0.02,-0.54,-0.75,-0.01,-0.00,-0.66,-0.81,-0.16,0.21,-0.53,100.54
0,3536,-0.84,-0.04,-0.02,-0.54,-0.75,-0.01,-0.00,-0.66,-0.81,-0.16,0.21,-0.53,100.57
0,3546,-0.84,-0.04,-0.02,-0.54,-0.75,-0.01,-0.00,-0.66,-0.81,-0.15,0.21,-0.53,100.54
0,3551,-0.84,-0.04,-0.02,-0.54,-0.75,-0.01,-0.00,-0.66,-0.81,-0.15,0.20,-0.53,100.56
0,3556,-0.84,-0.04,-0.02,-0.54,-0.75,-0.01,-0.00,-0.66,-0.81,-0.15,0.20,-0.53,100.58
0,3565,-0.84,-0.04,-0.02,-0.54,-0.75,-0.01,-0.00,-0.66,-0.81,-0.14,0.20,-0.54,100.60
0,3586,-0.84,-0.04,-0.02,-0.54,-0.75,-0.01,-0.00,-0.66,-0.81,-0.14,0.20,-0.54,100.56
0,3590,-0.84,-0.04,-0.02,-0.54,-0.75,-0.01,-0.00,-0.66,-0.81,-0.14,0.20,-0.54,100.57
0,3595,-0.84,-0.04,-0.02,-0.54,-0.75,-0.01,-0.00,-0.66,-0.81,-0.14,0.20,-0.54,100.56
0,3605,-0.84,-0.04,-0.02,-0.54,-0.75,-0.01,-0.00,-0.66,-0.81,-0.14,0.20,-0.54,100.57
0,3616,-0.84,-0.04,-0.02,-0.54,-0.75,-0.01,-0.00,-0.66,-0.80,-0.14,0.20,-0.54,100.54
0,3621,-0.84,-0.04,-0.02,-0.54,-0.75,-0.01,-0.00,-0.66,-0.80,-0.14,0.20,-0.54,100.56
0,3631,-0.84,-0.04,-0.02,-0.54,-0.75,-0.01,-0.00,-0.66,-0.80,-0.13,0.19,-0.55,100.57
0,3635,-0.84,-0.04,-0.02,-0.54,-0.75,-0.01,-0.00,-0.66,-0.80,-0.13,0.19,-0.55,100.58
0,3646,-0.84,-0.04,-0.02,-0.54,-0.75,-0.01,-0.00,-0.66,-0.80,-0.13,0.19,-0.55,100.57
0,3651,-0.84,-0.04,-0.02,-0.54,-0.75,-0.01,-0.00,-0.66,-0.80,-0.13,0.19,-0.55,100.56
0,3656,-0.84,-0.04,-0.02,-0.54,-0.75,-0.01,-0.00,-0.66,-0.80,-0.13,0.19,-0.55,100.58
0,3665,-0.84,-0.04,-0.02,-0.54,-0.75,-0.01,-0.00,-0.66,-0.80,-0.13,0.19,-0.55,100.58
0,3676,-0.84,-0.04,-0.02,-0.54,-0.75,-0.01,-0.00,-0.66,-0.80,-0.13,0.19,-0.55,100.57
0,3681,-0.84,-0.04,-0.02,-0.54,-0.75,-0.01,-0.00,-0.66,-0.80,-0.13,0.19,-0.55,100.54
0,3691,-0.84,-0.04,-0.02,-0.54,-0.75,-0.01,-0.00,-0.66,-0.80,-0.13,0.19,-0.55,100.58
0,3700,-0.84,-0.04,-0.02,-0.54,-0.75,-0.01,-0.00,-0.66,-0.80,-0.13,0.19,-0.55,100.55
0,3706,-0.84,-0.04,-0.02,-0.54,-0.75,-0.01,-0.00,-0.66,-0.80,-0.13,0.19,-0.55,100.54
0,3711,-0.84,-0.04,-0.02,-0.54,-0.75,-0.01,-0.00,-0.66,-0.80,-0.13,0.19,-0.55,100.58
0,3715,-0.84,-0.04,-0.02,-0.54,-0.75,-0.01,-0.00,-0.66,-0.80,-0.13,0.19,-0.55,100.58
0,3725,-0.84,-0.04,-0.02,-0.54,-0.75,-0.01,-0.00,-0.66,-0.80,-0.12,0.18,-0.55,100.56
0,3735,-0.84,-0.04,-0.02,-0.54,-0.75,-0.01,-0.00,-0.66,-0.80,-0.12,0.18,-0.55,100.57
0,3741,-0.84,-0.04,-0.02,-0.54,-0.75,-0.01,-0.00,-0.66,-0.80,-0.12,0.18,-0.55,100.54
0,3755,-0.84,-0.04,-0.02,-0.54,-0.75,-0.01,-0.00,-0.66,-0.80,-0.12,0.18,-0.55,100.56
0,3761,-0.84,-0.04,-0.02,-0.54,-0.75,-0.01,-0.00,-0.66,-0.80,-0.12,0.18,-0.55,100.56
0,3771,-0.84,-0.04,-0.02,-0.54,-0.75,-0.01,-0.00,-0.66,-0.80,-0.12,0.18,-0.55,100.56
0,3776,-0.84,-0.04,-0.02,-0.54,-0.75,-0.01,-0.00,-0.66,-0.81,-0.12,0.18,-0.55,100.55
0,3780,-0.84,-0.04,-0.02,-0.54,-0.75,-0.01,-0.00,-0.66,-0.81,-0.12,0.18,-0.55,100.54
0,3785,-0.84,-0.04,-0.02,-0.54,-0.75,-0.01,-0.00,-0.66,-0.81,-0.12,0.18,-0.55,100.56
0,3791,-0.84,-0.04,-0.02,-0.54,-0.75,-0.01,-0.00,-0.66,-0.81,-0.12,0.18,-0.55,100.58
0,3795,-0.84,-0.04,-0.02,-0.54,-0.75,-0.01,-0.00,-0.66,-0.81,-0.12,0.18,-0.55,100.56
0,3806,-0.84,-0.04,-0.02,-0.54,-0.75,-0.01,-0.00,-0.66,-0.81,-0.12,0.17,-0.55,100.56
0,3820,-0.84,-0.04,-0.02,-0.54,-0.75,-0.01,-0.00,-0.66,-0.81,-0.12,0.17,-0.56,100.56
0,3831,-0.84,-0.04,-0.02,-0.54,-0.75,-0.01,-0.00,-0.66,-0.80,-0.12,0.17,-0.56,100.58
0,3836,-0.84,-0.04,-0.02,-0.54,-0.75,-0.01,-0.00,-0.66,-0.80,-0.12,0.17,-0.56,100.56
0,3840,-0.84,-0.04,-0.02,-0.54,-0.75,-0.01,-0.00,-0.66,-0.80,-0.12,0.17,-0.56,100.56
0,3845,-0.84,-0.04,-0.02,-0.54,-0.75,-0.01,-0.00,-0.66,-0.80,-0.12,0.17,-0.56,100.58
0,3856,-0.84,-0.04,-0.02,-0.54,-0.75,-0.01,-0.00,-0.66,-0.80,-0.12,0.17,-0.56,100.56
0,3861,-0.84,-0.04,-0.02,-0.54,-0.75,-0.01,-0.00,-0.66,-0.80,-0.12,0.17,-0.56,100.58
0,3865,-0.84,-0.04,-0.02,-0.54,-0.75,-0.01,-0.00,-0.66,-0.80,-0.12,0.17,-0.56,100.58
0,3870,-0.84,-0.04,-0.02,-0.54,-0.75,-0.01,-0.00,-0.66,-0.80,-0.12,0.17,-0.56,100.56
0,3876,-0.84,-0.04,-0.02,-0.54,-0.75,-0.01,-0.00,-0.66,-0.80,-0.12,0.17,-0.56,100.58
0,3881,-0.84,-0.04,-0.02,-0.54,-0.75,-0.01,-0.00,-0.66,-0.80,-0.12,0.17,-0.56,100.56
0,3886,-0.84,-0.04,-0.02,-0.54,-0.75,-0.01,-0.00,-0.66,-0.80,-0.12,0.17,-0.56,100.58
0,3891,-0.84,-0.04,-0.02,-0.54,-0.75,-0.01,-0.00,-0.66,-0.80,-0.12,0.17,-0.56,100.56
