q_ti=-0.49581931764039655,-0.02306136361118127,-0.011530681805590635,-0.2940323860425598
q_si=0.0057653409027953175,-0.0057653409027953175,-0.0057653409027953175,-0.5765340902795322
q_fi=0.23061363611181213,0.0057653409027953175,0.0,0.5304113630571688
initial_knee_angle=119.80160439707372
initial_ankle_angle=48.153395108793084

0,5,-0.86,-0.04,-0.02,-0.51,0.01,-0.01,-0.01,-1.00,0.40,0.01,0.00,0.92,100.63
0,10,-0.86,-0.04,-0.02,-0.51,0.01,-0.01,-0.01,-1.00,0.40,0.01,0.00,0.92,100.59
0,15,-0.86,-0.04,-0.02,-0.51,0.01,-0.01,-0.01,-1.00,0.40,0.01,0.00,0.92,100.61
0,20,-0.86,-0.04,-0.02,-0.51,0.01,-0.01,-0.01,-1.00,0.40,0.01,0.00,0.92,100.61
0,25,-0.86,-0.04,-0.02,-0.51,0.01,-0.01,-0.01,-1.00,0.40,0.01,0.00,0.92,100.61
0,30,-0.86,-0.04,-0.02,-0.51,0.01,-0.01,-0.01,-1.00,0.40,0.01,0.00,0.92,100.61
0,35,-0.86,-0.04,-0.02,-0.51,0.01,-0.01,-0.01,-1.00,0.40,0.01,0.00,0.92,100.61
0,40,-0.86,-0.04,-0.02,-0.51,0.01,-0.01,-0.01,-1.00,0.40,0.01,0.00,0.92,100.59
0,45,-0.86,-0.04,-0.02,-0.51,0.01,-0.01,-0.01,-1.00,0.40,0.01,0.00,0.92,100.61
0,50,-0.86,-0.04,-0.02,-0.51,0.01,-0.01,-0.01,-1.00,0.40,0.01,0.00,0.92,100.61
0,55,-0.86,-0.04,-0.02,-0.51,0.01,-0.01,-0.01,-1.00,0.40,0.01,0.00,0.92,100.59
0,60,-0.86,-0.04,-0.02,-0.51,0.01,-0.01,-0.01,-1.00,0.40,0.01,0.00,0.92,100.61
0,65,-0.86,-0.04,-0.02,-0.51,0.01,-0.01,-0.01,-1.00,0.40,0.01,0.00,0.92,100.59
0,70,-0.86,-0.04,-0.02,-0.51,0.01,-0.01,-0.01,-1.00,0.40,0.01,0.00,0.92,100.61
0,75,-0.86,-0.04,-0.02,-0.51,0.01,-0.01,-0.01,-1.00,0.40,0.01,0.00,0.92,100.61
0,80,-0.86,-0.04,-0.02,-0.51,0.01,-0.01,-0.01,-1.00,0.40,0.01,0.00,0.92,100.61
0,85,-0.86,-0.04,-0.02,-0.51,0.01,-0.01,-0.01,-1.00,0.40,0.01,0.00,0.92,100.59
0,90,-0.86,-0.04,-0.02,-0.51,0.01,-0.01,-0.01,-1.00,0.40,0.01,0.00,0.92,100.61
0,95,-0.86,-0.04,-0.02,-0.51,0.01,-0.01,-0.01,-1.00,0.40,0.01,0.00,0.92,100.59
0,100,-0.86,-0.04,-0.02,-0.51,0.01,-0.01,-0.01,-1.00,0.40,0.01,0.00,0.92,100.59
0,105,-0.86,-0.04,-0.02,-0.51,0.01,-0.01,-0.01,-1.00,0.40,0.01,0.00,0.92,100.61
0,110,-0.86,-0.04,-0.02,-0.51,0.01,-0.01,-0.01,-1.00,0.40,0.01,0.00,0.92,100.61
0,115,-0.86,-0.04,-0.02,-0.51,0.01,-0.01,-0.01,-1.00,0.40,0.01,0.00,0.92,100.61
0,120,-0.86,-0.04,-0.02,-0.51,0.01,-0.01,-0.01,-1.00,0.40,0.01,0.00,0.92,100.61
0,125,-0.86,-0.04,-0.02,-0.51,0.01,-0.01,-0.01,-1.00,0.40,0.01,0.00,0.92,100.63
0,130,-0.86,-0.04,-0.02,-0.51,0.01,-0.01,-0.01,-1.00,0.40,0.01,0.00,0.92,100.59
0,135,-0.86,-0.04,-0.02,-0.51,0.01,-0.01,-0.01,-1.00,0.40,0.01,0.00,0.92,100.61
0,145,-0.86,-0.04,-0.02,-0.51,0.01,-0.01,-0.01,-1.00,0.40,0.01,0.00,0.92,100.61
0,150,-0.86,-0.04,-0.02,-0.51,0.01,-0.01,-0.01,-1.00,0.40,0.01,0.00,0.92,100.61
0,155,-0.86,-0.04,-0.02,-0.51,0.01,-0.01,-0.01,-1.00,0.40,0.01,0.00,0.92,100.61
0,160,-0.86,-0.04,-0.02,-0.51,0.01,-0.01,-0.01,-1.00,0.40,0.01,0.00,0.92,100.59
0,165,-0.86,-0.04,-0.02,-0.51,0.01,-0.01,-0.01,-1.00,0.40,0.01,0.00,0.92,100.63
0,170,-0.86,-0.04,-0.02,-0.51,0.01,-0.01,-0.01,-1.00,0.40,0.01,0.00,0.92,100.61
0,175,-0.86,-0.04,-0.02,-0.51,0.01,-0.01,-0.01,-1.00,0.40,0.01,0.00,0.92,100.61
0,180,-0.86,-0.04,-0.02,-0.51,0.01,-0.01,-0.01,-1.00,0.40,0.01,0.00,0.92,100.61
0,185,-0.86,-0.04,-0.02,-0.51,0.01,-0.01,-0.01,-1.00,0.40,0.01,0.00,0.92,100.63
0,190,-0.86,-0.04,-0.02,-0.51,0.01,-0.01,-0.01,-1.00,0.40,0.01,0.00,0.92,100.61
0,195,-0.86,-0.04,-0.02,-0.51,0.01,-0.01,-0.01,-1.00,0.40,0.01,0.00,0.92,100.61
0,200,-0.86,-0.04,-0.02,-0.51,0.01,-0.01,-0.01,-1.00,0.40,0.01,0.00,0.92,100.59
0,210,-0.86,-0.04,-0.02,-0.51,0.01,-0.01,-0.01,-1.00,0.40,0.01,0.00,0.92,100.59
0,215,-0.86,-0.04,-0.02,-0.51,0.01,-0.01,-0.01,-1.00,0.40,0.01,0.00,0.92,100.61
0,220,-0.86,-0.04,-0.02,-0.51,0.01,-0.01,-0.01,-1.00,0.40,0.01,0.00,0.92,100.59
0,225,-0.86,-0.04,-0.02,-0.51,0.01,-0.01,-0.01,-1.00,0.40,0.01,0.00,0.92,100.61
0,230,-0.86,-0.04,-0.02,-0.51,0.01,-0.01,-0.01,-1.00,0.40,0.01,0.00,0.92,100.61
0,235,-0.86,-0.04,-0.02,-0.51,0.01,-0.01,-0.01,-1.00,0.40,0.01,0.00,0.92,100.59
0,240,-0.86,-0.04,-0.02,-0.51,0.01,-0.01,-0.01,-1.00,0.40,0.01,0.00,0.92,100.58
0,245,-0.86,-0.04,-0.02,-0.51,0.01,-0.01,-0.01,-1.00,0.40,0.01,0.00,0.92,100.62
0,250,-0.86,-0.04,-0.02,-0.51,0.01,-0.01,-0.01,-1.00,0.40,0.01,0.00,0.92,100.61
0,255,-0.86,-0.04,-0.02,-0.51,0.01,-0.01,-0.01,-1.00,0.40,0.01,0.00,0.92,100.63
0,260,-0.86,-0.04,-0.02,-0.51,0.01,-0.01,-0.01,-1.00,0.40,0.01,0.00,0.92,100.59
0,265,-0.86,-0.04,-0.02,-0.51,0.01,-0.01,-0.01,-1.00,0.40,0.01,0.00,0.92,100.61
0,270,-0.86,-0.04,-0.02,-0.51,0.01,-0.01,-0.01,-1.00,0.40,0.01,0.00,0.92,100.61
0,275,-0.86,-0.04,-0.02,-0.51,0.01,-0.01,-0.01,-1.00,0.40,0.01,0.00,0.92,100.61
0,280,-0.86,-0.04,-0.02,-0.51,0.01,-0.01,-0.01,-1.00,0.40,0.01,0.00,0.92,100.63
0,285,-0.86,-0.04,-0.02,-0.51,0.01,-0.01,-0.01,-1.00,0.40,0.01,0.00,0.92,100.61
0,295,-0.86,-0.04,-0.02,-0.51,0.01,-0.01,-0.01,-1.00,0.40,0.01,0.00,0.92,100.59
0,300,-0.86,-0.04,-0.02,-0.51,0.01,-0.01,-0.01,-1.00,0.40,0.01,0.00,0.92,100.61
0,305,-0.86,-0.04,-0.02,-0.51,0.01,-0.01,-0.01,-1.00,0.40,0.01,0.00,0.92,100.61
0,310,-0.86,-0.04,-0.02,-0.51,0.01,-0.01,-0.01,-1.00,0.40,0.01,0.00,0.92,100.59
0,320,-0.86,-0.04,-0.02,-0.51,0.01,-0.01,-0.01,-1.00,0.40,0.01,0.00,0.92,100.61
0,325,-0.86,-0.04,-0.02,-0.51,0.01,-0.01,-0.01,-1.00,0.40,0.01,0.00,0.92,100.61
0,330,-0.86,-0.04,-0.02,-0.51,0.01,-0.01,-0.01,-1.00,0.40,0.01,0.00,0.92,100.61
0,335,-0.86,-0.04,-0.02,-0.51,0.01,-0.01,-0.01,-1.00,0.40,0.01,0.00,0.92,100.59
0,345,-0.86,-0.04,-0.02,-0.51,0.01,-0.01,-0.01,-1.00,0.40,0.01,0.00,0.92,100.63
0,350,-0.86,-0.04,-0.02,-0.51,0.01,-0.01,-0.01,-1.00,0.40,0.01,0.00,0.92,100.59
0,355,-0.86,-0.04,-0.02,-0.51,0.01,-0.01,-0.01,-1.00,0.40,0.01,0.00,0.92,100.61
0,360,-0.86,-0.04,-0.02,-0.51,0.01,-0.01,-0.01,-1.00,0.40,0.01,0.00,0.92,100.61
0,370,-0.86,-0.04,-0.02,-0.51,0.01,-0.01,-0.01,-1.00,0.40,0.01,0.00,0.92,100.63
0,375,-0.86,-0.04,-0.02,-0.51,0.01,-0.01,-0.01,-1.00,0.40,0.01,0.00,0.92,100.61
0,380,-0.86,-0.04,-0.02,-0.51,0.01,-0.01,-0.01,-1.00,0.40,0.01,0.00,0.92,100.63
0,385,-0.86,-0.04,-0.02,-0.51,0.01,-0.01,-0.01,-1.00,0.40,0.01,0.00,0.92,100.64
0,390,-0.86,-0.04,-0.02,-0.51,0.01,-0.01,-0.01,-1.00,0.40,0.01,0.00,0.92,100.61
0,395,-0.86,-0.04,-0.02,-0.51,0.01,-0.01,-0.01,-1.00,0.40,0.01,0.00,0.92,100.61
0,400,-0.86,-0.04,-0.02,-0.51,0.01,-0.01,-0.01,-1.00,0.40,0.01,0.00,0.92,100.63
0,405,-0.86,-0.04,-0.02,-0.51,0.01,-0.01,-0.01,-1.00,0.40,0.01,0.00,0.92,100.59
0,410,-0.86,-0.04,-0.02,-0.51,0.01,-0.01,-0.01,-1.00,0.40,0.01,0.00,0.92,100.59
0,415,-0.86,-0.04,-0.02,-0.51,0.01,-0.01,-0.01,-1.00,0.40,0.01,0.00,0.92,100.63
0,420,-0.86,-0.04,-0.02,-0.51,0.01,-0.01,-0.01,-1.00,0.40,0.01,0.00,0.92,100.61
0,425,-0.86,-0.04,-0.02,-0.51,0.01,-0.01,-0.01,-1.00,0.40,0.01,0.00,0.92,100.61
0,435,-0.86,-0.04,-0.02,-0.51,0.01,-0.01,-0.01,-1.00,0.40,0.01,0.00,0.92,100.59
0,440,-0.86,-0.04,-0.02,-0.51,0.01,-0.01,-0.01,-1.00,0.40,0.01,0.00,0.92,100.65
0,445,-0.86,-0.04,-0.02,-0.51,0.01,-0.01,-0.01,-1.00,0.40,0.01,0.00,0.92,100.61
0,450,-0.86,-0.04,-0.02,-0.51,0.01,-0.01,-0.01,-1.00,0.40,0.01,0.00,0.92,100.59
0,460,-0.86,-0.04,-0.02,-0.51,0.01,-0.01,-0.01,-1.00,0.40,0.01,0.00,0.92,100.61
0,465,-0.86,-0.04,-0.02,-0.51,0.01,-0.01,-0.01,-1.00,0.40,0.01,0.00,0.92,100.63
0,470,-0.86,-0.04,-0.02,-0.51,0.01,-0.01,-0.01,-1.00,0.40,0.01,0.00,0.92,100.61
0,475,-0.86,-0.04,-0.02,-0.51,0.01,-0.01,-0.01,-1.00,0.40,0.01,0.00,0.92,100.59
0,480,-0.86,-0.04,-0.02,-0.51,0.01,-0.01,-0.01,-1.00,0.40,0.01,0.00,0.92,100.59
0,485,-0.86,-0.04,-0.02,-0.51,0.01,-0.01,-0.01,-1.00,0.40,0.01,0.00,0.92,100.59
0,490,-0.86,-0.04,-0.02,-0.51,0.01,-0.01,-0.01,-1.00,0.40,0.01,0.00,0.92,100.60
0,495,-0.86,-0.04,-0.02,-0.51,0.01,-0.01,-0.01,-1.00,0.40,0.01,0.00,0.92,100.61
0,505,-0.86,-0.04,-0.02,-0.51,0.01,-0.01,-0.01,-1.00,0.40,0.01,0.00,0.92,100.65
0,510,-0.86,-0.04,-0.02,-0.51,0.01,-0.01,-0.01,-1.00,0.40,0.01,0.00,0.92,100.59
0,515,-0.86,-0.04,-0.02,-0.51,0.01,-0.01,-0.01,-1.00,0.40,0.01,0.00,0.92,100.61
0,520,-0.86,-0.04,-0.02,-0.51,0.01,-0.00,-0.01,-1.00,0.40,0.01,0.00,0.92,100.64
0,530,-0.86,-0.04,-0.02,-0.51,0.01,-0.00,-0.01,-1.00,0.40,0.01,0.00,0.92,100.63
0,535,-0.86,-0.04,-0.02,-0.51,0.01,-0.00,-0.01,-1.00,0.40,0.01,0.00,0.92,100.63
0,540,-0.86,-0.04,-0.02,-0.51,0.01,-0.00,-0.01,-1.00,0.40,0.01,0.00,0.92,100.59
0,545,-0.86,-0.04,-0.02,-0.51,0.01,-0.00,-0.01,-1.00,0.40,0.01,0.00,0.92,100.61
0,555,-0.86,-0.04,-0.02,-0.51,0.01,-0.00,-0.01,-1.00,0.40,0.01,0.00,0.92,100.61
0,560,-0.86,-0.04,-0.02,-0.51,0.01,-0.00,-0.01,-1.00,0.40,0.01,0.00,0.92,100.59
0,565,-0.86,-0.04,-0.02,-0.51,0.01,-0.00,-0.01,-1.00,0.40,0.01,0.00,0.92,100.61
0,570,-0.86,-0.04,-0.02,-0.51,0.01,-0.00,-0.01,-1.00,0.40,0.01,0.00,0.92,100.61
0,580,-0.86,-0.04,-0.02,-0.51,0.01,-0.00,-0.01,-1.00,0.40,0.01,0.00,0.92,100.61
0,585,-0.86,-0.04,-0.02,-0.51,0.01,-0.00,-0.01,-1.00,0.40,0.01,0.00,0.92,100.59
0,590,-0.86,-0.04,-0.02,-0.51,0.01,-0.00,-0.01,-1.00,0.40,0.01,0.00,0.92,100.63
0,595,-0.86,-0.04,-0.02,-0.51,0.01,-0.00,-0.01,-1.00,0.40,0.01,0.00,0.92,100.59
0,605,-0.86,-0.04,-0.02,-0.51,0.01,-0.00,-0.01,-1.00,0.40,0.01,0.00,0.92,100.61
0,610,-0.86,-0.04,-0.02,-0.51,0.01,-0.00,-0.01,-1.00,0.40,0.01,0.00,0.92,100.59
0,615,-0.86,-0.04,-0.02,-0.51,0.01,-0.00,-0.01,-1.00,0.40,0.01,0.00,0.92,100.63
0,620,-0.86,-0.04,-0.02,-0.51,0.01,-0.00,-0.01,-1.00,0.40,0.01,0.00,0.92,100.62
0,630,-0.86,-0.04,-0.02,-0.51,0.01,-0.00,-0.01,-1.00,0.40,0.01,0.00,0.92,100.59
0,635,-0.86,-0.04,-0.02,-0.51,0.01,-0.00,-0.01,-1.00,0.40,0.01,0.00,0.92,100.59
0,640,-0.86,-0.04,-0.02,-0.51,0.01,-0.00,-0.01,-1.00,0.40,0.01,0.00,0.92,100.61
0,645,-0.86,-0.04,-0.02,-0.51,0.01,-0.00,-0.01,-1.00,0.40,0.01,0.00,0.92,100.61
0,650,-0.86,-0.04,-0.02,-0.51,0.01,-0.00,-0.01,-1.00,0.40,0.01,0.00,0.92,100.59
0,655,-0.86,-0.04,-0.02,-0.51,0.01,-0.00,-0.01,-1.00,0.40,0.01,0.00,0.92,100.61
0,660,-0.86,-0.04,-0.02,-0.51,0.01,-0.00,-0.01,-1.00,0.40,0.01,0.00,0.92,100.63
0,665,-0.86,-0.04,-0.02,-0.51,0.01,-0.00,-0.01,-1.00,0.40,0.01,0.00,0.92,100.59
0,670,-0.86,-0.04,-0.02,-0.51,0.01,-0.00,-0.01,-1.00,0.40,0.01,0.00,0.92,100.59
0,675,-0.86,-0.04,-0.02,-0.51,0.01,-0.00,-0.01,-1.00,0.40,0.01,0.00,0.92,100.59
0,680,-0.86,-0.04,-0.02,-0.51,0.01,-0.00,-0.01,-1.00,0.40,0.01,0.00,0.92,100.61
0,685,-0.86,-0.04,-0.02,-0.51,0.01,-0.00,-0.01,-1.00,0.40,0.01,0.00,0.92,100.61
0,695,-0.86,-0.04,-0.02,-0.51,0.01,-0.00,-0.01,-1.00,0.40,0.01,0.00,0.92,100.61
0,700,-0.86,-0.04,-0.02,-0.51,0.01,-0.00,-0.01,-1.00,0.40,0.01,0.00,0.92,100.61
0,705,-0.86,-0.04,-0.02,-0.51,0.01,-0.00,-0.01,-1.00,0.40,0.01,0.00,0.92,100.61
0,710,-0.86,-0.04,-0.02,-0.51,0.01,-0.00,-0.01,-1.00,0.40,0.01,0.00,0.92,100.61
0,720,-0.86,-0.04,-0.02,-0.51,0.01,-0.00,-0.01,-1.00,0.40,0.01,0.00,0.92,100.61
0,725,-0.86,-0.04,-0.02,-0.51,0.01,-0.00,-0.01,-1.00,0.40,0.01,0.00,0.92,100.61
0,730,-0.86,-0.04,-0.02,-0.51,0.01,-0.00,-0.01,-1.00,0.40,0.01,0.00,0.92,100.61
0,735,-0.86,-0.04,-0.02,-0.51,0.01,-0.00,-0.01,-1.00,0.40,0.01,0.00,0.92,100.61
0,740,-0.86,-0.04,-0.02,-0.51,0.01,-0.00,-0.01,-1.00,0.40,0.01,0.00,0.92,100.61
0,745,-0.86,-0.04,-0.02,-0.51,0.01,-0.00,-0.01,-1.00,0.40,0.01,0.00,0.92,100.61
0,750,-0.86,-0.04,-0.02,-0.51,0.01,-0.00,-0.01,-1.00,0.40,0.01,0.00,0.92,100.59
0,755,-0.86,-0.04,-0.02,-0.51,0.01,-0.00,-0.01,-1.00,0.40,0.01,0.00,0.92,100.63
0,760,-0.86,-0.04,-0.02,-0.51,0.01,-0.00,-0.01,-1.00,0.40,0.01,0.00,0.92,100.63
0,765,-0.86,-0.04,-0.02,-0.51,0.01,-0.00,-0.01,-1.00,0.40,0.01,0.00,0.92,100.63
0,770,-0.86,-0.04,-0.02,-0.51,0.01,-0.00,-0.01,-1.00,0.40,0.01,0.00,0.92,100.63
0,775,-0.86,-0.04,-0.02,-0.51,0.01,-0.00,-0.01,-1.00,0.40,0.01,0.00,0.92,100.63
0,785,-0.86,-0.04,-0.02,-0.51,0.01,-0.00,-0.01,-1.00,0.40,0.01,0.00,0.92,100.61
0,790,-0.86,-0.04,-0.02,-0.51,0.01,-0.00,-0.01,-1.00,0.40,0.01,0.00,0.92,100.62
0,795,-0.86,-0.04,-0.02,-0.51,0.01,-0.00,-0.01,-1.00,0.40,0.01,0.00,0.92,100.59
0,800,-0.86,-0.04,-0.02,-0.51,0.01,-0.00,-0.01,-1.00,0.40,0.01,0.00,0.92,100.61
0,810,-0.86,-0.04,-0.02,-0.51,0.01,-0.00,-0.01,-1.00,0.40,0.01,0.00,0.92,100.65
0,815,-0.86,-0.04,-0.02,-0.51,0.01,-0.00,-0.01,-1.00,0.40,0.01,0.00,0.92,100.61
0,820,-0.86,-0.04,-0.02,-0.51,0.01,-0.00,-0.01,-1.00,0.40,0.01,0.00,0.92,100.61
0,825,-0.86,-0.04,-0.02,-0.51,0.01,-0.00,-0.01,-1.00,0.40,0.01,0.00,0.92,100.61
0,830,-0.86,-0.04,-0.02,-0.51,0.01,-0.00,-0.01,-1.00,0.40,0.01,0.00,0.92,100.61
0,835,-0.86,-0.04,-0.02,-0.51,0.01,-0.00,-0.01,-1.00,0.40,0.01,0.00,0.92,100.59
0,840,-0.86,-0.04,-0.02,-0.51,0.01,-0.00,-0.01,-1.00,0.40,0.01,0.00,0.92,100.59
0,845,-0.86,-0.04,-0.02,-0.51,0.01,-0.00,-0.01,-1.00,0.40,0.01,0.00,0.92,100.61
0,850,-0.86,-0.04,-0.02,-0.51,0.01,-0.00,-0.01,-1.00,0.40,0.01,0.00,0.92,100.59
0,855,-0.86,-0.04,-0.02,-0.51,0.01,-0.00,-0.01,-1.00,0.40,0.01,0.00,0.92,100.61
0,860,-0.86,-0.04,-0.02,-0.51,0.01,-0.00,-0.01,-1.00,0.40,0.01,0.00,0.92,100.61
0,865,-0.86,-0.04,-0.02,-0.51,0.01,-0.00,-0.01,-1.00,0.40,0.01,0.00,0.92,100.59
0,875,-0.86,-0.04,-0.02,-0.51,0.01,-0.00,-0.01,-1.00,0.40,0.01,0.00,0.92,100.61
0,880,-0.86,-0.04,-0.02,-0.51,0.01,-0.00,-0.01,-1.00,0.40,0.01,0.00,0.92,100.61
0,885,-0.86,-0.04,-0.02,-0.51,0.01,-0.00,-0.01,-1.00,0.40,0.01,0.00,0.92,100.59
0,890,-0.86,-0.04,-0.02,-0.51,0.01,-0.00,-0.01,-1.00,0.40,0.01,0.00,0.92,100.61
0,900,-0.86,-0.04,-0.02,-0.51,0.01,-0.00,-0.01,-1.00,0.40,0.01,0.00,0.92,100.59
0,905,-0.86,-0.04,-0.02,-0.51,0.01,-0.00,-0.01,-1.00,0.40,0.01,0.00,0.92,100.59
0,910,-0.86,-0.04,-0.02,-0.51,0.01,-0.00,-0.01,-1.00,0.40,0.01,0.00,0.92,100.61
0,915,-0.86,-0.04,-0.02,-0.51,0.01,-0.00,-0.01,-1.00,0.40,0.01,0.00,0.92,100.59
0,920,-0.86,-0.04,-0.02,-0.51,0.01,-0.00,-0.01,-1.00,0.40,0.01,0.00,0.92,100.62
0,925,-0.86,-0.04,-0.02,-0.51,0.01,-0.00,-0.01,-1.00,0.40,0.01,0.00,0.92,100.59
0,930,-0.86,-0.04,-0.02,-0.51,0.01,-0.00,-0.01,-1.00,0.40,0.01,0.00,0.92,100.61
0,935,-0.86,-0.04,-0.02,-0.51,0.01,-0.00,-0.01,-1.00,0.40,0.01,0.00,0.92,100.61
0,945,-0.86,-0.04,-0.02,-0.51,0.01,-0.00,-0.01,-1.00,0.40,0.01,0.00,0.92,100.61
0,950,-0.86,-0.04,-0.02,-0.51,0.01,-0.00,-0.01,-1.00,0.40,0.01,0.00,0.92,100.61
0,955,-0.86,-0.04,-0.02,-0.51,0.01,-0.00,-0.01,-1.00,0.40,0.01,0.00,0.92,100.61
0,960,-0.86,-0.04,-0.02,-0.51,0.01,-0.00,-0.01,-1.00,0.40,0.01,0.00,0.92,100.59
0,970,-0.86,-0.04,-0.02,-0.51,0.01,-0.00,-0.01,-1.00,0.40,0.01,0.00,0.92,100.61
0,975,-0.86,-0.04,-0.02,-0.51,0.01,-0.00,-0.01,-1.00,0.40,0.01,0.00,0.92,100.61
0,980,-0.86,-0.04,-0.02,-0.51,0.01,-0.00,-0.01,-1.00,0.40,0.01,0.00,0.92,100.61
0,985,-0.86,-0.04,-0.02,-0.51,0.01,-0.00,-0.01,-1.00,0.40,0.01,0.00,0.92,100.61
0,990,-0.86,-0.04,-0.02,-0.51,0.01,-0.00,-0.01,-1.00,0.40,0.01,0.00,0.92,100.61
0,995,-0.86,-0.04,-0.02,-0.51,0.01,-0.00,-0.01,-1.00,0.40,0.01,0.00,0.92,100.61
0,1000,-0.86,-0.04,-0.02,-0.51,0.01,-0.00,-0.01,-1.00,0.40,0.01,0.00,0.92,100.61
0,1005,-0.86,-0.04,-0.02,-0.51,0.01,-0.00,-0.01,-1.00,0.39,0.01,0.00,0.92,100.63
0,1010,-0.86,-0.04,-0.02,-0.51,0.01,-0.00,-0.01,-1.00,0.39,0.01,0.00,0.92,100.63
0,1015,-0.86,-0.04,-0.02,-0.51,0.01,-0.00,-0.01,-1.00,0.39,0.01,0.00,0.92,100.61
0,1020,-0.86,-0.04,-0.02,-0.51,0.01,-0.00,-0.01,-1.00,0.39,0.01,0.00,0.92,100.61
0,1025,-0.86,-0.04,-0.02,-0.51,0.01,-0.00,-0.01,-1.00,0.39,0.01,0.00,0.92,100.61
0,1040,-0.86,-0.04,-0.02,-0.50,0.01,-0.00,-0.01,-1.00,0.39,0.01,0.00,0.92,100.59
0,1045,-0.86,-0.04,-0.02,-0.50,0.01,-0.00,-0.01,-1.00,0.39,0.01,0.00,0.92,100.61
0,1050,-0.86,-0.04,-0.02,-0.50,0.01,-0.00,-0.01,-1.00,0.39,0.01,0.00,0.92,100.63
0,1055,-0.86,-0.04,-0.02,-0.50,0.01,-0.00,-0.01,-1.00,0.39,0.01,0.00,0.92,100.61
0,1075,-0.86,-0.04,-0.02,-0.50,0.01,-0.00,-0.01,-1.00,0.39,0.01,0.00,0.92,100.59
0,1080,-0.86,-0.04,-0.02,-0.50,0.01,-0.00,-0.01,-1.00,0.39,0.01,0.00,0.92,100.61
0,1085,-0.86,-0.04,-0.02,-0.50,0.01,-0.00,-0.01,-1.00,0.39,0.01,0.00,0.92,100.59
0,1095,-0.86,-0.04,-0.02,-0.50,0.01,-0.00,-0.01,-1.00,0.39,0.01,0.01,0.92,100.61
0,1100,-0.86,-0.04,-0.02,-0.50,0.01,-0.00,-0.01,-1.00,0.39,0.01,0.01,0.92,100.61
0,1105,-0.86,-0.04,-0.02,-0.50,0.01,-0.00,-0.01,-1.00,0.39,0.01,0.01,0.92,100.63
0,1110,-0.86,-0.04,-0.02,-0.50,0.01,-0.00,-0.01,-1.00,0.39,0.01,0.01,0.92,100.61
0,1115,-0.86,-0.04,-0.02,-0.50,0.01,-0.00,-0.01,-1.00,0.39,0.01,0.01,0.92,100.61
0,1120,-0.86,-0.04,-0.02,-0.50,0.01,-0.00,-0.01,-1.00,0.39,0.01,0.01,0.92,100.61
0,1125,-0.86,-0.04,-0.02,-0.50,0.01,-0.00,-0.01,-1.00,0.39,0.00,0.01,0.92,100.63
0,1130,-0.86,-0.04,-0.02,-0.50,0.01,-0.00,-0.01,-1.00,0.38,0.00,0.02,0.92,100.61
0,1135,-0.86,-0.04,-0.02,-0.50,0.01,-0.00,-0.01,-1.00,0.38,0.00,0.02,0.92,100.59
0,1155,-0.86,-0.04,-0.02,-0.50,0.01,-0.00,-0.01,-1.00,0.38,-0.00,0.02,0.93,100.61
0,1160,-0.86,-0.04,-0.02,-0.50,0.01,-0.00,-0.01,-1.00,0.38,-0.00,0.02,0.93,100.61
0,1165,-0.86,-0.04,-0.02,-0.50,0.01,-0.00,-0.01,-1.00,0.37,-0.00,0.02,0.93,100.64
0,1170,-0.86,-0.04,-0.02,-0.50,0.01,-0.00,-0.01,-1.00,0.37,-0.00,0.02,0.93,100.61
0,1175,-0.86,-0.04,-0.02,-0.50,0.01,-0.00,-0.01,-1.00,0.37,0.00,0.02,0.93,100.61
0,1180,-0.86,-0.04,-0.02,-0.50,0.01,-0.00,-0.01,-1.00,0.37,0.00,0.02,0.93,100.63
0,1185,-0.86,-0.04,-0.02,-0.50,0.01,-0.00,-0.01,-1.00,0.37,0.00,0.02,0.93,100.59
0,1190,-0.86,-0.04,-0.02,-0.50,0.01,-0.00,-0.01,-1.00,0.37,0.00,0.02,0.93,100.62
0,1195,-0.86,-0.04,-0.02,-0.50,0.01,-0.00,-0.01,-1.00,0.36,0.00,0.02,0.93,100.61
0,1210,-0.86,-0.04,-0.02,-0.50,0.01,-0.00,-0.01,-1.00,0.36,0.01,0.03,0.93,100.61
0,1215,-0.86,-0.04,-0.02,-0.50,0.01,-0.00,-0.01,-1.00,0.35,0.01,0.03,0.93,100.63
0,1220,-0.86,-0.04,-0.02,-0.50,0.01,-0.00,-0.01,-1.00,0.35,0.01,0.03,0.94,100.61
0,1235,-0.86,-0.04,-0.02,-0.50,0.01,-0.00,-0.01,-1.00,0.35,0.02,0.03,0.94,100.61
0,1240,-0.86,-0.04,-0.02,-0.50,0.01,-0.00,-0.01,-1.00,0.34,0.02,0.03,0.94,100.61
0,1245,-0.86,-0.04,-0.02,-0.50,0.01,-0.00,-0.01,-1.00,0.34,0.02,0.03,0.94,100.61
0,1250,-0.86,-0.04,-0.02,-0.50,0.01,-0.00,-0.01,-1.00,0.34,0.02,0.03,0.94,100.61
0,1260,-0.86,-0.04,-0.02,-0.50,0.01,-0.00,-0.01,-1.00,0.34,0.02,0.03,0.94,100.61
0,1265,-0.86,-0.04,-0.02,-0.50,0.01,-0.00,-0.01,-1.00,0.34,0.03,0.04,0.94,100.59
0,1270,-0.86,-0.04,-0.02,-0.50,0.01,-0.00,-0.01,-1.00,0.34,0.03,0.04,0.94,100.55
0,1275,-0.86,-0.04,-0.02,-0.50,0.01,-0.00,-0.01,-1.00,0.34,0.03,0.04,0.94,100.63
0,1285,-0.86,-0.04,-0.02,-0.50,0.01,-0.00,-0.01,-1.00,0.34,0.04,0.04,0.94,100.61
0,1295,-0.86,-0.04,-0.02,-0.50,0.01,-0.00,-0.01,-1.00,0.34,0.04,0.04,0.94,100.61
0,1300,-0.86,-0.04,-0.02,-0.50,0.01,-0.00,-0.01,-1.00,0.34,0.05,0.04,0.94,100.61
0,1305,-0.86,-0.04,-0.02,-0.50,0.01,-0.00,-0.01,-1.00,0.34,0.05,0.05,0.94,100.61
0,1325,-0.86,-0.04,-0.02,-0.50,0.01,-0.00,-0.01,-1.00,0.34,0.05,0.06,0.94,100.61
0,1330,-0.86,-0.04,-0.02,-0.50,0.01,-0.00,-0.01,-1.00,0.34,0.05,0.06,0.94,100.63
0,1335,-0.86,-0.04,-0.02,-0.50,0.01,-0.00,-0.01,-1.00,0.34,0.05,0.06,0.94,100.61
0,1340,-0.86,-0.04,-0.02,-0.50,0.01,-0.00,-0.01,-1.00,0.34,0.05,0.07,0.94,100.63
0,1345,-0.86,-0.04,-0.02,-0.50,0.01,-0.00,-0.01,-1.00,0.34,0.05,0.07,0.94,100.63
0,1350,-0.86,-0.04,-0.02,-0.50,0.01,-0.00,-0.01,-1.00,0.34,0.05,0.07,0.94,100.61
0,1356,-0.86,-0.04,-0.02,-0.50,0.01,-0.00,-0.01,-1.00,0.34,0.05,0.08,0.94,100.61
0,1360,-0.86,-0.04,-0.02,-0.50,0.01,-0.00,-0.01,-1.00,0.34,0.05,0.08,0.94,100.61
0,1380,-0.86,-0.04,-0.02,-0.50,0.01,-0.00,-0.01,-1.00,0.34,0.05,0.09,0.94,100.61
0,1385,-0.86,-0.04,-0.02,-0.50,0.01,-0.00,-0.01,-1.00,0.34,0.05,0.09,0.94,100.61
0,1390,-0.86,-0.04,-0.02,-0.50,0.01,-0.00,-0.01,-1.00,0.34,0.05,0.09,0.94,100.63
0,1395,-0.86,-0.04,-0.02,-0.50,0.01,-0.00,-0.01,-1.00,0.34,0.05,0.09,0.94,100.61
0,1410,-0.86,-0.04,-0.02,-0.50,0.01,-0.00,-0.01,-1.00,0.34,0.05,0.10,0.94,100.59
0,1415,-0.86,-0.04,-0.02,-0.50,0.01,-0.00,-0.01,-1.00,0.34,0.05,0.10,0.93,100.61
0,1420,-0.86,-0.04,-0.02,-0.50,0.01,-0.00,-0.01,-1.00,0.34,0.05,0.10,0.93,100.61
0,1425,-0.86,-0.04,-0.02,-0.50,0.01,-0.00,-0.01,-1.00,0.34,0.05,0.10,0.94,100.61
0,1435,-0.86,-0.04,-0.02,-0.50,0.01,-0.00,-0.01,-1.00,0.33,0.06,0.10,0.94,100.59
0,1440,-0.86,-0.04,-0.02,-0.50,0.01,-0.00,-0.01,-1.00,0.33,0.06,0.10,0.94,100.61
0,1445,-0.86,-0.04,-0.02,-0.50,0.01,-0.00,-0.01,-1.00,0.33,0.06,0.11,0.94,100.65
0,1455,-0.86,-0.04,-0.02,-0.50,0.01,-0.00,-0.01,-1.00,0.33,0.07,0.12,0.94,100.61
0,1470,-0.86,-0.04,-0.02,-0.50,0.01,-0.00,-0.01,-1.00,0.32,0.08,0.15,0.93,100.63
0,1475,-0.86,-0.04,-0.02,-0.50,0.01,-0.00,-0.01,-1.00,0.32,0.08,0.17,0.93,100.59
0,1480,-0.86,-0.04,-0.02,-0.50,0.01,-0.00,-0.01,-1.00,0.32,0.09,0.18,0.92,100.59
0,1490,-0.86,-0.04,-0.02,-0.50,0.01,-0.00,-0.01,-1.00,0.33,0.09,0.21,0.92,100.63
0,1495,-0.86,-0.04,-0.02,-0.50,0.01,-0.00,-0.01,-1.00,0.33,0.10,0.23,0.91,100.61
0,1500,-0.86,-0.04,-0.02,-0.50,0.01,-0.00,-0.01,-1.00,0.33,0.10,0.24,0.91,100.59
0,1505,-0.86,-0.04,-0.02,-0.50,0.01,-0.00,-0.01,-1.00,0.33,0.10,0.25,0.90,100.59
0,1510,-0.86,-0.04,-0.02,-0.50,0.01,-0.00,-0.01,-1.00,0.33,0.11,0.27,0.90,100.61
0,1525,-0.86,-0.04,-0.02,-0.50,0.01,-0.00,-0.01,-1.00,0.34,0.11,0.31,0.88,100.61
0,1530,-0.86,-0.04,-0.02,-0.50,0.01,-0.00,-0.01,-1.00,0.34,0.12,0.32,0.88,100.61
0,1535,-0.86,-0.04,-0.02,-0.50,0.01,-0.00,-0.01,-1.00,0.34,0.12,0.33,0.87,100.57
0,1545,-0.86,-0.04,-0.02,-0.50,0.01,-0.00,-0.01,-1.00,0.33,0.12,0.35,0.87,100.61
0,1560,-0.86,-0.04,-0.02,-0.50,0.01,-0.00,-0.01,-1.00,0.33,0.12,0.37,0.86,100.61
0,1565,-0.86,-0.04,-0.02,-0.50,0.01,-0.00,-0.01,-1.00,0.33,0.11,0.38,0.86,100.59
0,1570,-0.86,-0.04,-0.02,-0.50,0.01,-0.00,-0.01,-1.00,0.32,0.11,0.39,0.86,100.61
0,1580,-0.86,-0.04,-0.02,-0.50,0.01,-0.00,-0.01,-1.00,0.32,0.11,0.40,0.85,100.61
0,1590,-0.86,-0.04,-0.02,-0.50,0.01,-0.00,-0.01,-1.00,0.31,0.10,0.41,0.85,100.61
0,1595,-0.86,-0.04,-0.02,-0.50,0.01,-0.00,-0.01,-1.00,0.31,0.10,0.42,0.85,100.63
0,1600,-0.86,-0.04,-0.02,-0.50,0.01,-0.00,-0.01,-1.00,0.31,0.10,0.43,0.84,100.62
0,1605,-0.86,-0.04,-0.02,-0.50,0.01,-0.00,-0.01,-1.00,0.31,0.10,0.43,0.84,100.59
0,1610,-0.86,-0.04,-0.02,-0.50,0.01,-0.00,-0.01,-1.00,0.31,0.10,0.44,0.84,100.61
0,1615,-0.86,-0.04,-0.02,-0.50,0.01,-0.00,-0.01,-1.00,0.31,0.10,0.45,0.83,100.61
0,1620,-0.86,-0.04,-0.02,-0.50,0.01,-0.00,-0.01,-1.00,0.31,0.09,0.45,0.83,100.59
0,1630,-0.86,-0.04,-0.02,-0.50,0.01,-0.00,-0.01,-1.00,0.30,0.09,0.47,0.83,100.61
0,1635,-0.86,-0.04,-0.02,-0.50,0.01,-0.00,-0.01,-1.00,0.30,0.09,0.47,0.82,100.61
0,1640,-0.86,-0.04,-0.02,-0.50,0.01,-0.00,-0.01,-1.00,0.30,0.09,0.48,0.82,100.61
0,1645,-0.86,-0.04,-0.02,-0.50,0.01,-0.00,-0.01,-1.00,0.30,0.09,0.48,0.82,100.59
0,1650,-0.86,-0.04,-0.02,-0.50,0.01,-0.00,-0.01,-1.00,0.30,0.09,0.49,0.81,100.61
0,1670,-0.86,-0.04,-0.02,-0.50,0.01,-0.00,-0.01,-1.00,0.29,0.08,0.52,0.80,100.59
0,1675,-0.86,-0.04,-0.02,-0.50,0.01,-0.00,-0.01,-1.00,0.29,0.08,0.52,0.80,100.62
0,1680,-0.86,-0.04,-0.02,-0.50,0.01,-0.00,-0.01,-1.00,0.29,0.07,0.53,0.79,100.61
0,1685,-0.86,-0.04,-0.02,-0.50,0.01,-0.00,-0.01,-1.00,0.29,0.07,0.54,0.79,100.61
0,1690,-0.86,-0.04,-0.02,-0.50,0.01,-0.00,-0.01,-1.00,0.29,0.07,0.54,0.79,100.59
0,1695,-0.86,-0.04,-0.02,-0.50,0.01,-0.00,-0.01,-1.00,0.29,0.07,0.54,0.79,100.61
0,1700,-0.86,-0.04,-0.02,-0.50,0.01,-0.00,-0.01,-1.00,0.29,0.07,0.54,0.79,100.61
0,1705,-0.86,-0.04,-0.02,-0.50,0.01,-0.00,-0.01,-1.00,0.29,0.07,0.54,0.79,100.61
0,1715,-0.86,-0.04,-0.02,-0.50,0.01,-0.00,-0.01,-1.00,0.29,0.07,0.55,0.78,100.61
0,1720,-0.86,-0.04,-0.02,-0.50,0.01,-0.00,-0.01,-1.00,0.28,0.07,0.55,0.78,100.59
0,1725,-0.86,-0.04,-0.02,-0.50,0.01,-0.00,-0.01,-1.00,0.28,0.07,0.55,0.78,100.59
0,1730,-0.86,-0.04,-0.02,-0.50,0.01,-0.00,-0.01,-1.00,0.28,0.07,0.55,0.78,100.61
0,1750,-0.86,-0.04,-0.02,-0.50,0.01,-0.00,-0.01,-1.00,0.28,0.07,0.55,0.78,100.62
0,1755,-0.86,-0.04,-0.02,-0.50,0.01,-0.00,-0.01,-1.00,0.28,0.07,0.55,0.78,100.59
0,1760,-0.86,-0.04,-0.02,-0.50,0.01,-0.00,-0.01,-1.00,0.28,0.07,0.55,0.78,100.61
0,1765,-0.86,-0.04,-0.02,-0.50,0.01,-0.00,-0.01,-1.00,0.28,0.07,0.55,0.78,100.61
0,1780,-0.86,-0.04,-0.02,-0.50,0.01,-0.00,-0.01,-1.00,0.28,0.07,0.56,0.78,100.61
0,1785,-0.86,-0.04,-0.02,-0.50,0.01,-0.00,-0.01,-1.00,0.28,0.07,0.56,0.78,100.59
0,1790,-0.86,-0.04,-0.02,-0.50,0.01,-0.00,-0.01,-1.00,0.28,0.08,0.56,0.78,100.61
0,1795,-0.86,-0.04,-0.02,-0.50,0.01,-0.00,-0.01,-1.00,0.28,0.08,0.56,0.78,100.59
0,1805,-0.86,-0.04,-0.02,-0.50,0.01,-0.00,-0.01,-1.00,0.28,0.08,0.56,0.78,100.59
0,1810,-0.86,-0.04,-0.02,-0.50,0.01,-0.00,-0.01,-1.00,0.28,0.08,0.56,0.78,100.63
0,1815,-0.86,-0.04,-0.02,-0.50,0.01,-0.00,-0.01,-1.00,0.28,0.08,0.56,0.77,100.63
0,1820,-0.86,-0.04,-0.02,-0.50,0.01,-0.00,-0.01,-1.00,0.28,0.08,0.56,0.77,100.60
0,1825,-0.86,-0.04,-0.02,-0.50,0.01,-0.00,-0.01,-1.00,0.28,0.08,0.56,0.77,100.61
0,1835,-0.86,-0.04,-0.02,-0.50,0.01,-0.00,-0.01,-1.00,0.28,0.08,0.56,0.77,100.59
0,1840,-0.86,-0.04,-0.02,-0.50,0.01,-0.00,-0.01,-1.00,0.28,0.08,0.56,0.77,100.60
0,1845,-0.86,-0.04,-0.02,-0.50,0.01,-0.00,-0.01,-1.00,0.28,0.08,0.56,0.77,100.63
0,1860,-0.86,-0.04,-0.02,-0.50,0.01,-0.00,-0.01,-1.00,0.28,0.08,0.56,0.77,100.63
0,1865,-0.86,-0.04,-0.02,-0.50,0.01,-0.00,-0.01,-1.00,0.28,0.08,0.56,0.77,100.63
0,1870,-0.86,-0.04,-0.02,-0.50,0.01,-0.00,-0.01,-1.00,0.28,0.08,0.56,0.77,100.61
0,1875,-0.86,-0.04,-0.02,-0.50,0.01,-0.00,-0.01,-1.00,0.28,0.08,0.56,0.77,100.59
0,1895,-0.86,-0.04,-0.02,-0.50,0.01,-0.00,-0.01,-1.00,0.28,0.09,0.57,0.77,100.61
0,1900,-0.86,-0.04,-0.02,-0.50,0.01,-0.00,-0.01,-1.00,0.28,0.09,0.57,0.77,100.58
0,1905,-0.86,-0.04,-0.02,-0.50,0.01,-0.00,-0.01,-1.00,0.28,0.09,0.57,0.77,100.62
0,1910,-0.86,-0.04,-0.02,-0.50,0.01,-0.00,-0.01,-1.00,0.28,0.09,0.57,0.77,100.61
0,1920,-0.86,-0.04,-0.02,-0.50,0.01,-0.00,-0.01,-1.00,0.28,0.09,0.57,0.77,100.61
0,1925,-0.86,-0.04,-0.02,-0.50,0.01,-0.00,-0.01,-1.00,0.28,0.09,0.57,0.77,100.59
0,1930,-0.86,-0.04,-0.02,-0.50,0.01,-0.00,-0.01,-1.00,0.28,0.09,0.57,0.77,100.64
0,1935,-0.86,-0.04,-0.02,-0.50,0.01,-0.00,-0.01,-1.00,0.28,0.09,0.57,0.77,100.61
0,1950,-0.86,-0.04,-0.02,-0.50,0.01,-0.00,-0.01,-1.00,0.28,0.09,0.57,0.77,100.61
0,1955,-0.86,-0.04,-0.02,-0.50,0.01,-0.00,-0.01,-1.00,0.28,0.09,0.57,0.77,100.61
0,1960,-0.86,-0.04,-0.02,-0.50,0.01,-0.00,-0.01,-1.00,0.28,0.09,0.57,0.77,100.61
0,1970,-0.86,-0.04,-0.02,-0.50,0.01,-0.00,-0.01,-1.00,0.28,0.09,0.57,0.77,100.61
0,1980,-0.86,-0.04,-0.02,-0.50,0.01,-0.00,-0.01,-1.00,0.28,0.09,0.57,0.77,100.61
0,1985,-0.86,-0.04,-0.02,-0.50,0.01,-0.00,-0.01,-1.00,0.28,0.09,0.57,0.77,100.61
0,1990,-0.86,-0.04,-0.02,-0.50,0.01,-0.00,-0.01,-1.00,0.28,0.09,0.57,0.77,100.61
0,1995,-0.86,-0.04,-0.02,-0.50,0.01,-0.00,-0.01,-1.00,0.28,0.09,0.57,0.77,100.59
0,2005,-0.86,-0.04,-0.02,-0.50,0.01,-0.00,-0.01,-1.00,0.28,0.09,0.57,0.77,100.61
0,2010,-0.86,-0.04,-0.02,-0.50,0.01,-0.00,-0.01,-1.00,0.28,0.09,0.57,0.77,100.59
0,2015,-0.86,-0.04,-0.02,-0.50,0.01,-0.00,-0.01,-1.00,0.28,0.09,0.57,0.77,100.61
0,2020,-0.86,-0.04,-0.02,-0.50,0.01,-0.00,-0.01,-1.00,0.28,0.09,0.57,0.77,100.61
0,2030,-0.86,-0.04,-0.02,-0.50,0.01,-0.00,-0.01,-1.00,0.28,0.09,0.57,0.77,100.60
0,2035,-0.86,-0.04,-0.02,-0.50,0.01,-0.00,-0.01,-1.00,0.28,0.09,0.57,0.77,100.62
0,2040,-0.86,-0.04,-0.02,-0.50,0.01,-0.00,-0.01,-1.00,0.28,0.09,0.57,0.77,100.60
0,2055,-0.86,-0.04,-0.02,-0.50,0.01,-0.00,-0.01,-1.00,0.28,0.10,0.57,0.77,100.61
0,2060,-0.86,-0.04,-0.02,-0.50,0.01,-0.00,-0.01,-1.00,0.28,0.10,0.57,0.77,100.59
0,2065,-0.86,-0.04,-0.02,-0.50,0.01,-0.00,-0.01,-1.00,0.28,0.10,0.57,0.77,100.61
0,2070,-0.86,-0.04,-0.02,-0.50,0.01,-0.00,-0.01,-1.00,0.28,0.10,0.57,0.77,100.61
0,2075,-0.86,-0.04,-0.02,-0.50,0.01,-0.00,-0.01,-1.00,0.28,0.10,0.57,0.77,100.59
0,2080,-0.86,-0.04,-0.02,-0.50,0.01,-0.00,-0.01,-1.00,0.28,0.10,0.57,0.77,100.64
0,2095,-0.86,-0.04,-0.02,-0.50,0.01,-0.00,-0.01,-1.00,0.28,0.10,0.57,0.77,100.61
0,2100,-0.86,-0.04,-0.02,-0.50,0.01,-0.00,-0.01,-1.00,0.28,0.10,0.57,0.77,100.61
0,2105,-0.86,-0.04,-0.02,-0.50,0.01,-0.00,-0.01,-1.00,0.28,0.10,0.57,0.77,100.63
0,2110,-0.86,-0.04,-0.02,-0.50,0.01,-0.00,-0.01,-1.00,0.28,0.10,0.57,0.77,100.59
0,2115,-0.86,-0.04,-0.02,-0.50,0.01,-0.00,-0.01,-1.00,0.28,0.10,0.57,0.77,100.61
0,2120,-0.86,-0.04,-0.02,-0.50,0.01,-0.00,-0.01,-1.00,0.28,0.10,0.56,0.77,100.61
0,2130,-0.86,-0.04,-0.02,-0.50,0.01,-0.00,-0.01,-1.00,0.28,0.10,0.56,0.77,100.59
0,2135,-0.86,-0.04,-0.02,-0.50,0.01,-0.00,-0.01,-1.00,0.28,0.10,0.56,0.77,100.60
0,2140,-0.86,-0.04,-0.02,-0.50,0.01,-0.00,-0.01,-1.00,0.28,0.10,0.56,0.77,100.62
0,2145,-0.86,-0.04,-0.02,-0.50,0.01,-0.00,-0.01,-1.00,0.28,0.10,0.56,0.77,100.57
0,2150,-0.86,-0.04,-0.02,-0.50,0.01,-0.00,-0.01,-1.00,0.28,0.10,0.56,0.77,100.59
0,2155,-0.86,-0.04,-0.02,-0.50,0.01,-0.00,-0.01,-1.00,0.28,0.10,0.56,0.77,100.59
0,2160,-0.86,-0.04,-0.02,-0.50,0.01,-0.00,-0.01,-1.00,0.28,0.10,0.56,0.77,100.61
0,2170,-0.86,-0.04,-0.02,-0.50,0.01,-0.00,-0.01,-1.00,0.28,0.10,0.56,0.78,100.59
0,2175,-0.86,-0.04,-0.02,-0.50,0.01,-0.00,-0.01,-1.00,0.28,0.10,0.56,0.78,100.59
0,2180,-0.86,-0.04,-0.02,-0.50,0.01,-0.00,-0.01,-1.00,0.28,0.10,0.55,0.78,100.61
0,2185,-0.86,-0.04,-0.02,-0.50,0.01,-0.00,-0.01,-1.00,0.28,0.10,0.55,0.78,100.61
0,2190,-0.86,-0.04,-0.02,-0.50,0.01,-0.00,-0.01,-1.00,0.28,0.10,0.55,0.78,100.61
0,2195,-0.86,-0.04,-0.02,-0.50,0.01,-0.00,-0.01,-1.00,0.28,0.10,0.55,0.78,100.63
0,2200,-0.86,-0.04,-0.02,-0.50,0.01,-0.00,-0.01,-1.00,0.28,0.10,0.54,0.78,100.61
0,2205,-0.86,-0.04,-0.02,-0.50,0.01,-0.00,-0.01,-1.00,0.28,0.11,0.54,0.79,100.61
0,2210,-0.86,-0.04,-0.02,-0.50,0.01,-0.00,-0.01,-1.00,0.28,0.11,0.54,0.79,100.61
0,2215,-0.86,-0.04,-0.02,-0.50,0.01,-0.00,-0.01,-1.00,0.28,0.11,0.54,0.79,100.58
0,2235,-0.86,-0.04,-0.02,-0.50,0.01,-0.00,-0.01,-1.00,0.28,0.11,0.52,0.80,100.62
0,2240,-0.86,-0.04,-0.02,-0.50,0.01,-0.00,-0.01,-1.00,0.28,0.11,0.52,0.80,100.61
0,2245,-0.86,-0.04,-0.02,-0.50,0.01,-0.00,-0.01,-1.00,0.28,0.11,0.52,0.80,100.60
0,2250,-0.86,-0.04,-0.02,-0.50,0.01,-0.00,-0.01,-1.00,0.28,0.11,0.51,0.80,100.62
0,2265,-0.86,-0.04,-0.02,-0.50,0.01,-0.00,-0.01,-1.00,0.28,0.11,0.50,0.81,100.64
0,2270,-0.86,-0.04,-0.02,-0.50,0.01,-0.00,-0.01,-1.00,0.28,0.11,0.50,0.81,100.59
0,2275,-0.86,-0.04,-0.02,-0.50,0.01,-0.00,-0.01,-1.00,0.28,0.11,0.49,0.82,100.59
0,2280,-0.86,-0.04,-0.02,-0.50,0.01,-0.00,-0.01,-1.00,0.28,0.11,0.49,0.82,100.61
0,2285,-0.86,-0.04,-0.02,-0.50,0.01,-0.00,-0.01,-1.00,0.28,0.11,0.48,0.82,100.60
0,2290,-0.86,-0.04,-0.02,-0.50,0.01,-0.00,-0.01,-1.00,0.29,0.11,0.48,0.82,100.62
0,2295,-0.86,-0.04,-0.02,-0.50,0.01,-0.00,-0.01,-1.00,0.29,0.11,0.47,0.83,100.59
0,2300,-0.86,-0.04,-0.02,-0.50,0.01,-0.00,-0.01,-1.00,0.29,0.11,0.47,0.83,100.61
0,2320,-0.86,-0.04,-0.02,-0.50,0.01,-0.00,-0.01,-1.00,0.30,0.12,0.44,0.84,100.61
0,2325,-0.86,-0.04,-0.02,-0.50,0.01,-0.00,-0.01,-1.00,0.30,0.12,0.43,0.84,100.59
0,2330,-0.86,-0.04,-0.02,-0.50,0.01,-0.00,-0.01,-1.00,0.30,0.13,0.43,0.84,100.63
0,2335,-0.86,-0.04,-0.02,-0.50,0.01,-0.00,-0.01,-1.00,0.30,0.13,0.42,0.84,100.59
0,2345,-0.86,-0.04,-0.02,-0.50,0.01,-0.00,-0.01,-1.00,0.31,0.13,0.41,0.85,100.60
0,2350,-0.86,-0.04,-0.02,-0.50,0.01,-0.00,-0.01,-1.00,0.31,0.13,0.40,0.85,100.61
0,2355,-0.86,-0.04,-0.02,-0.50,0.01,-0.00,-0.01,-1.00,0.32,0.13,0.40,0.85,100.59
0,2360,-0.86,-0.04,-0.02,-0.50,0.01,-0.00,-0.01,-1.00,0.32,0.13,0.39,0.85,100.59
0,2380,-0.86,-0.04,-0.02,-0.50,0.01,-0.00,-0.01,-1.00,0.33,0.14,0.36,0.86,100.61
0,2390,-0.86,-0.04,-0.02,-0.50,0.01,-0.00,-0.01,-1.00,0.34,0.14,0.34,0.86,100.59
0,2405,-0.86,-0.04,-0.02,-0.50,0.01,-0.00,-0.01,-1.00,0.35,0.14,0.32,0.87,100.60
0,2410,-0.86,-0.04,-0.02,-0.50,0.01,-0.00,-0.01,-1.00,0.35,0.15,0.31,0.87,100.60
0,2415,-0.86,-0.04,-0.02,-0.50,0.01,-0.00,-0.01,-1.00,0.35,0.15,0.30,0.87,100.61
0,2420,-0.86,-0.04,-0.02,-0.50,0.01,-0.00,-0.01,-1.00,0.36,0.15,0.29,0.88,100.61
0,2430,-0.86,-0.04,-0.02,-0.50,0.01,-0.00,-0.01,-1.00,0.36,0.16,0.27,0.88,100.61
0,2435,-0.86,-0.04,-0.02,-0.50,0.01,-0.00,-0.01,-1.00,0.36,0.16,0.26,0.88,100.59
0,2440,-0.86,-0.04,-0.02,-0.50,0.01,-0.00,-0.01,-1.00,0.36,0.17,0.25,0.88,100.61
0,2450,-0.86,-0.04,-0.02,-0.50,0.01,-0.00,-0.01,-1.00,0.37,0.17,0.23,0.89,100.57
0,2455,-0.86,-0.04,-0.02,-0.50,0.01,-0.00,-0.01,-1.00,0.37,0.18,0.22,0.89,100.61
0,2460,-0.86,-0.04,-0.02,-0.50,0.01,-0.00,-0.01,-1.00,0.37,0.18,0.21,0.89,100.61
0,2465,-0.86,-0.04,-0.02,-0.50,0.01,-0.00,-0.01,-1.00,0.37,0.18,0.20,0.89,100.61
0,2480,-0.86,-0.04,-0.02,-0.50,0.01,-0.00,-0.01,-1.00,0.37,0.19,0.18,0.89,100.61
0,2485,-0.86,-0.04,-0.02,-0.50,0.01,-0.00,-0.01,-1.00,0.37,0.20,0.17,0.89,100.60
0,2490,-0.86,-0.04,-0.02,-0.50,0.01,-0.00,-0.01,-1.00,0.38,0.20,0.16,0.89,100.63
0,2510,-0.86,-0.04,-0.02,-0.50,0.01,-0.00,-0.01,-1.00,0.38,0.21,0.13,0.89,100.62
0,2515,-0.86,-0.04,-0.02,-0.50,0.01,-0.00,-0.01,-1.00,0.38,0.21,0.12,0.89,100.61
0,2520,-0.86,-0.04,-0.02,-0.50,0.01,-0.00,-0.01,-1.00,0.38,0.21,0.12,0.89,100.59
0,2535,-0.86,-0.04,-0.02,-0.50,0.01,0.00,-0.01,-1.00,0.38,0.22,0.10,0.89,100.61
0,2540,-0.86,-0.04,-0.02,-0.50,0.01,0.00,-0.01,-1.00,0.38,0.22,0.10,0.89,100.61
0,2550,-0.86,-0.04,-0.02,-0.50,0.01,0.00,-0.01,-1.00,0.38,0.23,0.09,0.89,100.61
0,2560,-0.86,-0.04,-0.02,-0.50,0.01,0.00,-0.01,-1.00,0.38,0.24,0.07,0.89,100.62
0,2565,-0.86,-0.04,-0.02,-0.50,0.01,0.00,-0.01,-1.00,0.38,0.24,0.07,0.89,100.61
0,2570,-0.86,-0.04,-0.02,-0.50,0.01,0.00,-0.01,-1.00,0.37,0.24,0.06,0.89,100.59
0,2580,-0.86,-0.04,-0.02,-0.50,0.01,0.00,-0.01,-1.00,0.37,0.25,0.05,0.89,100.63
0,2585,-0.86,-0.04,-0.02,-0.50,0.01,0.00,-0.01,-1.00,0.37,0.25,0.05,0.89,100.61
0,2590,-0.86,-0.04,-0.02,-0.50,0.01,0.00,-0.01,-1.00,0.37,0.25,0.04,0.89,100.61
0,2595,-0.86,-0.04,-0.02,-0.50,0.01,0.00,-0.01,-1.00,0.37,0.26,0.04,0.89,100.63
0,2605,-0.86,-0.04,-0.02,-0.50,0.01,0.00,-0.01,-1.00,0.37,0.26,0.03,0.89,100.61
0,2610,-0.86,-0.04,-0.02,-0.50,0.01,0.00,-0.01,-1.00,0.37,0.26,0.03,0.89,100.59
0,2615,-0.86,-0.04,-0.02,-0.50,0.01,0.00,-0.01,-1.00,0.37,0.27,0.02,0.89,100.62
0,2620,-0.86,-0.04,-0.02,-0.50,0.01,0.00,-0.01,-1.00,0.37,0.27,0.02,0.89,100.59
0,2635,-0.86,-0.04,-0.02,-0.50,0.01,0.00,-0.01,-1.00,0.37,0.27,0.01,0.89,100.59
0,2645,-0.86,-0.04,-0.02,-0.50,0.01,0.00,-0.01,-1.00,0.37,0.27,0.01,0.89,100.62
0,2650,-0.86,-0.04,-0.02,-0.50,0.01,0.00,-0.01,-1.00,0.37,0.27,0.01,0.89,100.62
0,2660,-0.86,-0.04,-0.02,-0.50,0.01,0.00,-0.01,-1.00,0.37,0.27,0.01,0.89,100.61
0,2665,-0.86,-0.04,-0.02,-0.50,0.01,0.00,-0.01,-1.00,0.37,0.27,0.01,0.89,100.64
0,2670,-0.86,-0.04,-0.02,-0.50,0.01,0.00,-0.01,-1.00,0.37,0.27,0.00,0.89,100.59
0,2675,-0.86,-0.04,-0.02,-0.50,0.01,0.00,-0.01,-1.00,0.37,0.27,0.00,0.89,100.60
0,2690,-0.86,-0.04,-0.02,-0.50,0.01,0.00,-0.01,-1.00,0.37,0.27,0.00,0.89,100.62
0,2695,-0.86,-0.04,-0.02,-0.50,0.01,0.00,-0.01,-1.00,0.38,0.27,0.00,0.89,100.62
0,2700,-0.86,-0.04,-0.02,-0.50,0.01,0.00,-0.01,-1.00,0.38,0.27,0.00,0.89,100.61
0,2705,-0.86,-0.04,-0.02,-0.50,0.01,0.00,-0.01,-1.00,0.38,0.26,-0.00,0.89,100.62
0,2715,-0.86,-0.04,-0.02,-0.50,0.01,0.00,-0.01,-1.00,0.38,0.26,-0.00,0.89,100.60
0,2730,-0.86,-0.04,-0.02,-0.50,0.01,0.00,-0.01,-1.00,0.38,0.26,-0.00,0.89,100.59
0,2735,-0.86,-0.04,-0.02,-0.50,0.01,0.00,-0.01,-1.00,0.38,0.26,-0.00,0.89,100.60
0,2740,-0.86,-0.04,-0.02,-0.50,0.01,0.00,-0.01,-1.00,0.38,0.26,-0.00,0.89,100.61
0,2745,-0.86,-0.04,-0.02,-0.50,0.01,0.00,-0.01,-1.00,0.38,0.26,-0.00,0.89,100.62
0,2755,-0.86,-0.04,-0.02,-0.50,0.01,0.00,-0.01,-1.00,0.38,0.26,-0.00,0.89,100.61
0,2760,-0.86,-0.04,-0.02,-0.50,0.01,0.00,-0.01,-1.00,0.38,0.26,-0.00,0.89,100.57
0,2765,-0.86,-0.04,-0.02,-0.50,0.01,0.00,-0.01,-1.00,0.37,0.26,-0.00,0.89,100.62
0,2770,-0.86,-0.04,-0.02,-0.50,0.01,0.00,-0.01,-1.00,0.37,0.26,-0.00,0.89,100.61
0,2775,-0.86,-0.04,-0.02,-0.50,0.01,0.00,-0.01,-1.00,0.37,0.26,-0.00,0.89,100.64
0,2780,-0.86,-0.04,-0.02,-0.50,0.01,0.00,-0.01,-1.00,0.37,0.26,-0.00,0.89,100.62
0,2785,-0.86,-0.04,-0.02,-0.50,0.01,0.00,-0.01,-1.00,0.37,0.26,-0.00,0.89,100.62
0,2795,-0.86,-0.04,-0.02,-0.50,0.01,0.00,-0.01,-1.00,0.37,0.26,-0.00,0.89,100.57
0,2805,-0.86,-0.04,-0.02,-0.50,0.01,0.00,-0.01,-1.00,0.37,0.26,-0.00,0.89,100.62
0,2810,-0.86,-0.04,-0.02,-0.50,0.01,0.00,-0.01,-1.00,0.37,0.26,-0.00,0.89,100.59
0,2815,-0.86,-0.04,-0.02,-0.50,0.01,0.00,-0.01,-1.00,0.37,0.26,-0.00,0.89,100.63
0,2820,-0.86,-0.04,-0.02,-0.50,0.01,0.00,-0.01,-1.00,0.37,0.26,-0.00,0.89,100.59
0,2840,-0.86,-0.04,-0.02,-0.50,0.01,0.00,-0.01,-1.00,0.37,0.26,-0.00,0.89,100.61
0,2845,-0.86,-0.04,-0.02,-0.50,0.01,0.00,-0.01,-1.00,0.37,0.26,-0.00,0.89,100.60
0,2850,-0.86,-0.04,-0.02,-0.50,0.01,0.00,-0.01,-1.00,0.37,0.26,-0.00,0.89,100.61
0,2855,-0.86,-0.04,-0.02,-0.50,0.01,0.00,-0.01,-1.00,0.37,0.26,-0.00,0.89,100.64
0,2860,-0.86,-0.04,-0.02,-0.50,0.01,0.00,-0.01,-1.00,0.37,0.26,-0.00,0.89,100.60
0,2865,-0.86,-0.04,-0.02,-0.50,0.01,0.00,-0.01,-1.00,0.37,0.26,-0.00,0.89,100.61
0,2870,-0.86,-0.04,-0.02,-0.50,0.01,0.00,-0.01,-1.00,0.37,0.26,-0.00,0.89,100.59
0,2875,-0.86,-0.04,-0.02,-0.50,0.01,0.00,-0.01,-1.00,0.37,0.26,-0.00,0.89,100.61
0,2880,-0.86,-0.04,-0.02,-0.50,0.01,0.00,-0.01,-1.00,0.37,0.26,-0.00,0.89,100.60
0,2885,-0.86,-0.04,-0.02,-0.50,0.01,0.00,-0.01,-1.00,0.37,0.25,-0.00,0.89,100.60
0,2890,-0.86,-0.04,-0.02,-0.50,0.01,0.00,-0.01,-1.00,0.37,0.25,-0.00,0.89,100.60
0,2895,-0.86,-0.04,-0.02,-0.50,0.01,0.00,-0.01,-1.00,0.37,0.25,0.00,0.89,100.61
0,2900,-0.86,-0.04,-0.02,-0.50,0.01,0.00,-0.01,-1.00,0.37,0.25,0.00,0.89,100.59
0,2905,-0.86,-0.04,-0.02,-0.50,0.01,0.00,-0.01,-1.00,0.37,0.25,0.00,0.89,100.62
0,2910,-0.86,-0.04,-0.02,-0.50,0.01,0.00,-0.01,-1.00,0.37,0.25,0.00,0.89,100.61
0,2915,-0.86,-0.04,-0.02,-0.50,0.01,0.00,-0.01,-1.00,0.37,0.25,0.00,0.89,100.61
0,2920,-0.86,-0.04,-0.02,-0.50,0.01,0.00,-0.01,-1.00,0.37,0.25,0.01,0.89,100.62
0,2925,-0.86,-0.04,-0.02,-0.50,0.01,0.00,-0.01,-1.00,0.37,0.25,0.01,0.89,100.59
0,2945,-0.86,-0.04,-0.02,-0.50,0.01,0.00,-0.01,-1.00,0.37,0.25,0.02,0.89,100.60
0,2950,-0.86,-0.04,-0.02,-0.50,0.01,0.00,-0.01,-1.00,0.37,0.25,0.02,0.90,100.62
0,2955,-0.86,-0.04,-0.02,-0.50,0.01,0.00,-0.01,-1.00,0.37,0.24,0.03,0.90,100.60
0,2960,-0.86,-0.04,-0.02,-0.50,0.01,0.00,-0.01,-1.00,0.37,0.24,0.03,0.90,100.62
0,2970,-0.86,-0.04,-0.02,-0.50,0.01,0.00,-0.01,-1.00,0.37,0.24,0.05,0.90,100.59
0,2975,-0.86,-0.04,-0.02,-0.50,0.01,0.00,-0.01,-1.00,0.37,0.23,0.05,0.90,100.62
0,2980,-0.86,-0.04,-0.02,-0.50,0.01,0.00,-0.01,-1.00,0.38,0.23,0.06,0.90,100.61
0,2985,-0.86,-0.04,-0.02,-0.50,0.01,0.00,-0.01,-1.00,0.38,0.22,0.07,0.90,100.61
0,3000,-0.86,-0.04,-0.02,-0.50,0.01,0.00,-0.01,-1.00,0.38,0.20,0.10,0.90,100.58
0,3005,-0.86,-0.04,-0.02,-0.50,0.01,0.00,-0.01,-1.00,0.38,0.19,0.11,0.90,100.61
0,3010,-0.86,-0.04,-0.02,-0.50,0.01,0.00,-0.01,-1.00,0.38,0.19,0.12,0.90,100.62
0,3020,-0.86,-0.04,-0.02,-0.50,0.01,0.00,-0.01,-1.00,0.38,0.17,0.13,0.90,100.62
0,3030,-0.86,-0.04,-0.02,-0.50,0.01,0.00,-0.01,-1.00,0.38,0.16,0.15,0.90,100.61
0,3035,-0.86,-0.04,-0.02,-0.50,0.01,0.00,-0.01,-1.00,0.38,0.15,0.16,0.90,100.62
0,3040,-0.86,-0.04,-0.02,-0.50,0.01,0.00,-0.01,-1.00,0.38,0.14,0.17,0.90,100.59
0,3045,-0.86,-0.04,-0.02,-0.50,0.01,0.00,-0.01,-1.00,0.37,0.14,0.18,0.90,100.62
0,3060,-0.86,-0.04,-0.02,-0.50,0.01,0.00,-0.01,-1.00,0.37,0.12,0.20,0.90,100.60
0,3065,-0.86,-0.04,-0.02,-0.50,0.01,0.00,-0.01,-1.00,0.37,0.12,0.21,0.90,100.59
0,3070,-0.86,-0.04,-0.02,-0.50,0.01,0.00,-0.01,-1.00,0.37,0.11,0.22,0.90,100.61
0,3080,-0.86,-0.04,-0.02,-0.50,0.01,0.00,-0.01,-1.00,0.36,0.10,0.24,0.89,100.61
0,3090,-0.86,-0.04,-0.02,-0.50,0.01,0.00,-0.01,-1.00,0.35,0.09,0.26,0.89,100.60
0,3095,-0.86,-0.04,-0.02,-0.50,0.01,0.00,-0.01,-1.00,0.35,0.09,0.28,0.89,100.61
0,3135,-0.86,-0.04,-0.02,-0.50,0.01,0.00,-0.01,-1.00,0.32,0.04,0.35,0.88,100.62
0,3140,-0.86,-0.04,-0.02,-0.50,0.01,0.00,-0.01,-1.00,0.32,0.03,0.36,0.88,100.62
0,3145,-0.86,-0.04,-0.02,-0.50,0.01,0.00,-0.01,-1.00,0.31,0.02,0.37,0.88,100.59
0,3150,-0.86,-0.04,-0.02,-0.50,0.01,0.00,-0.01,-1.00,0.31,0.02,0.38,0.87,100.59
0,3155,-0.86,-0.04,-0.02,-0.50,0.01,0.00,-0.01,-1.00,0.30,0.02,0.38,0.87,100.60
0,3160,-0.86,-0.04,-0.02,-0.50,0.01,0.00,-0.01,-1.00,0.30,0.01,0.39,0.87,100.62
0,3165,-0.86,-0.04,-0.02,-0.50,0.01,0.00,-0.01,-1.00,0.29,0.01,0.39,0.87,100.62
0,3170,-0.86,-0.04,-0.02,-0.50,0.01,0.00,-0.01,-1.00,0.29,0.00,0.40,0.87,100.59
0,3175,-0.86,-0.04,-0.02,-0.50,0.01,0.00,-0.01,-1.00,0.29,-0.00,0.41,0.87,100.60
0,3180,-0.86,-0.04,-0.02,-0.50,0.01,0.00,-0.01,-1.00,0.28,-0.00,0.41,0.87,100.61
0,3190,-0.86,-0.04,-0.02,-0.50,0.01,0.00,-0.01,-1.00,0.28,-0.01,0.42,0.86,100.60
0,3195,-0.86,-0.04,-0.02,-0.50,0.01,0.00,-0.01,-1.00,0.27,-0.02,0.42,0.86,100.62
0,3200,-0.86,-0.04,-0.02,-0.50,0.01,0.00,-0.01,-1.00,0.27,-0.02,0.43,0.86,100.60
0,3205,-0.86,-0.04,-0.02,-0.50,0.01,0.00,-0.01,-1.00,0.27,-0.02,0.43,0.86,100.64
0,3215,-0.86,-0.04,-0.02,-0.50,0.01,0.00,-0.01,-1.00,0.27,-0.03,0.44,0.86,100.62
0,3220,-0.86,-0.04,-0.02,-0.50,0.01,0.00,-0.01,-1.00,0.26,-0.03,0.44,0.86,100.59
0,3225,-0.86,-0.04,-0.02,-0.50,0.01,0.00,-0.01,-1.00,0.26,-0.03,0.44,0.86,100.59
0,3230,-0.86,-0.04,-0.02,-0.50,0.01,0.00,-0.01,-1.00,0.26,-0.03,0.44,0.86,100.62
0,3240,-0.86,-0.04,-0.02,-0.50,0.01,0.00,-0.01,-1.00,0.26,-0.03,0.45,0.86,100.64
0,3250,-0.86,-0.04,-0.02,-0.50,0.01,0.00,-0.01,-1.00,0.25,-0.04,0.45,0.85,100.59
0,3255,-0.86,-0.04,-0.02,-0.50,0.01,0.00,-0.01,-1.00,0.25,-0.04,0.46,0.85,100.62
0,3260,-0.86,-0.04,-0.02,-0.50,0.01,0.00,-0.01,-1.00,0.25,-0.04,0.46,0.85,100.62
0,3265,-0.86,-0.04,-0.02,-0.50,0.01,0.00,-0.01,-1.00,0.25,-0.04,0.46,0.85,100.61
0,3275,-0.86,-0.04,-0.02,-0.50,0.01,0.00,-0.01,-1.00,0.25,-0.04,0.46,0.85,100.62
0,3280,-0.86,-0.04,-0.02,-0.50,0.01,0.00,-0.01,-1.00,0.25,-0.04,0.46,0.85,100.61
0,3285,-0.86,-0.04,-0.02,-0.50,0.01,0.00,-0.01,-1.00,0.25,-0.04,0.46,0.85,100.60
0,3300,-0.86,-0.04,-0.02,-0.50,0.01,0.00,-0.01,-1.00,0.24,-0.04,0.47,0.85,100.59
0,3305,-0.86,-0.04,-0.02,-0.50,0.01,0.00,-0.01,-1.00,0.24,-0.05,0.47,0.85,100.61
0,3310,-0.86,-0.04,-0.02,-0.50,0.01,0.00,-0.01,-1.00,0.24,-0.05,0.47,0.85,100.58
0,3315,-0.86,-0.04,-0.02,-0.50,0.01,0.00,-0.01,-1.00,0.24,-0.05,0.47,0.85,100.62
0,3320,-0.86,-0.04,-0.02,-0.50,0.01,0.00,-0.01,-1.00,0.24,-0.05,0.47,0.85,100.59
0,3325,-0.86,-0.04,-0.02,-0.50,0.01,0.00,-0.01,-1.00,0.24,-0.05,0.47,0.85,100.61
0,3335,-0.86,-0.04,-0.02,-0.50,0.01,0.00,-0.01,-1.00,0.24,-0.05,0.47,0.85,100.62
0,3340,-0.86,-0.04,-0.02,-0.50,0.01,0.00,-0.01,-1.00,0.24,-0.05,0.47,0.85,100.62
0,3350,-0.86,-0.04,-0.02,-0.50,0.01,0.00,-0.01,-1.00,0.24,-0.05,0.47,0.85,100.64
0,3360,-0.86,-0.04,-0.02,-0.50,0.01,0.00,-0.01,-1.00,0.25,-0.05,0.47,0.85,100.60
0,3365,-0.86,-0.04,-0.02,-0.50,0.01,0.00,-0.01,-1.00,0.25,-0.05,0.47,0.85,100.61
0,3375,-0.86,-0.04,-0.02,-0.50,0.01,0.00,-0.01,-1.00,0.25,-0.04,0.46,0.85,100.62
0,3385,-0.86,-0.04,-0.02,-0.50,0.01,0.00,-0.01,-1.00,0.25,-0.04,0.46,0.85,100.62
0,3390,-0.86,-0.04,-0.02,-0.50,0.01,0.00,-0.01,-1.00,0.25,-0.04,0.46,0.85,100.60
0,3395,-0.86,-0.04,-0.02,-0.50,0.01,0.00,-0.01,-1.00,0.25,-0.04,0.46,0.85,100.60
0,3400,-0.86,-0.04,-0.02,-0.50,0.01,0.00,-0.01,-1.00,0.25,-0.03,0.45,0.85,100.62
0,3405,-0.86,-0.04,-0.02,-0.50,0.01,0.00,-0.01,-1.00,0.25,-0.03,0.45,0.86,100.62
0,3420,-0.86,-0.04,-0.02,-0.50,0.01,0.00,-0.01,-1.00,0.26,-0.02,0.44,0.86,100.61
0,3425,-0.86,-0.04,-0.02,-0.50,0.01,0.00,-0.01,-1.00,0.26,-0.02,0.44,0.86,100.59
0,3430,-0.86,-0.04,-0.02,-0.50,0.01,0.00,-0.01,-1.00,0.27,-0.02,0.43,0.86,100.62
0,3435,-0.86,-0.04,-0.02,-0.50,0.01,0.00,-0.01,-1.00,0.27,-0.01,0.43,0.86,100.61
0,3445,-0.86,-0.04,-0.02,-0.50,0.01,0.00,-0.01,-1.00,0.28,-0.01,0.42,0.87,100.59
0,3450,-0.86,-0.04,-0.02,-0.50,0.01,0.00,-0.01,-1.00,0.28,-0.00,0.41,0.87,100.64
0,3455,-0.86,-0.04,-0.02,-0.50,0.01,0.00,-0.01,-1.00,0.28,0.00,0.40,0.87,100.62
0,3460,-0.86,-0.04,-0.02,-0.50,0.01,0.00,-0.01,-1.00,0.29,0.01,0.39,0.87,100.61
0,3475,-0.86,-0.04,-0.02,-0.50,0.01,0.00,-0.01,-1.00,0.29,0.02,0.37,0.88,100.61
0,3480,-0.86,-0.04,-0.02,-0.50,0.01,0.00,-0.01,-1.00,0.30,0.03,0.36,0.88,100.60
0,3485,-0.86,-0.04,-0.02,-0.50,0.01,0.00,-0.01,-1.00,0.30,0.04,0.35,0.89,100.60
0,3490,-0.86,-0.04,-0.02,-0.50,0.01,0.00,-0.01,-1.00,0.30,0.04,0.34,0.89,100.62
0,3500,-0.86,-0.04,-0.02,-0.50,0.01,0.00,-0.01,-1.00,0.30,0.06,0.31,0.90,100.60
0,3505,-0.86,-0.04,-0.02,-0.50,0.01,0.00,-0.01,-1.00,0.30,0.06,0.30,0.90,100.62
0,3515,-0.86,-0.04,-0.02,-0.50,0.01,0.00,-0.01,-1.00,0.30,0.07,0.28,0.91,100.64
0,3520,-0.86,-0.04,-0.02,-0.50,0.01,0.00,-0.01,-1.00,0.31,0.08,0.26,0.91,100.62
0,3535,-0.86,-0.04,-0.02,-0.50,0.01,0.00,-0.01,-1.00,0.31,0.09,0.23,0.92,100.62
0,3540,-0.86,-0.04,-0.02,-0.50,0.01,0.00,-0.01,-1.00,0.31,0.10,0.22,0.92,100.60
0,3545,-0.86,-0.04,-0.02,-0.50,0.01,0.00,-0.01,-1.00,0.31,0.10,0.21,0.92,100.62
0,3550,-0.86,-0.04,-0.02,-0.50,0.01,0.00,-0.01,-1.00,0.31,0.11,0.20,0.92,100.60
0,3560,-0.86,-0.04,-0.02,-0.50,0.01,0.00,-0.01,-1.00,0.31,0.12,0.18,0.92,100.59
0,3565,-0.86,-0.04,-0.02,-0.50,0.01,0.00,-0.01,-1.00,0.31,0.12,0.18,0.92,100.61
0,3570,-0.86,-0.04,-0.02,-0.50,0.01,0.00,-0.01,-1.00,0.32,0.13,0.17,0.93,100.61
0,3575,-0.86,-0.04,-0.02,-0.50,0.01,0.00,-0.01,-1.00,0.32,0.13,0.16,0.93,100.60
0,3585,-0.86,-0.04,-0.02,-0.50,0.01,0.00,-0.01,-1.00,0.32,0.14,0.14,0.93,100.60
0,3590,-0.86,-0.04,-0.02,-0.50,0.01,0.00,-0.01,-1.00,0.32,0.15,0.14,0.92,100.59
0,3595,-0.86,-0.04,-0.02,-0.50,0.01,0.00,-0.01,-1.00,0.32,0.16,0.13,0.92,100.60
0,3600,-0.86,-0.04,-0.02,-0.50,0.01,0.00,-0.01,-1.00,0.33,0.16,0.12,0.92,100.61
0,3610,-0.86,-0.04,-0.02,-0.50,0.01,0.00,-0.01,-1.00,0.33,0.18,0.11,0.92,100.59
0,3615,-0.86,-0.04,-0.02,-0.50,0.01,0.00,-0.01,-1.00,0.33,0.18,0.11,0.92,100.61
0,3620,-0.86,-0.04,-0.02,-0.50,0.01,0.00,-0.01,-1.00,0.33,0.19,0.11,0.92,100.60
0,3625,-0.86,-0.04,-0.02,-0.50,0.01,0.00,-0.01,-1.00,0.34,0.20,0.10,0.92,100.61
0,3630,-0.86,-0.04,-0.02,-0.50,0.01,0.00,-0.01,-1.00,0.34,0.20,0.10,0.91,100.57
0,3635,-0.86,-0.04,-0.02,-0.50,0.01,0.00,-0.01,-1.00,0.34,0.20,0.10,0.91,100.60
0,3640,-0.86,-0.04,-0.02,-0.50,0.01,0.00,-0.01,-1.00,0.34,0.20,0.10,0.91,100.61
0,3645,-0.86,-0.04,-0.02,-0.50,0.01,0.00,-0.01,-1.00,0.35,0.21,0.10,0.91,100.60
0,3650,-0.86,-0.04,-0.02,-0.50,0.01,0.00,-0.01,-1.00,0.35,0.21,0.11,0.91,100.62
0,3665,-0.86,-0.04,-0.02,-0.50,0.01,0.00,-0.01,-1.00,0.35,0.21,0.12,0.91,100.63
0,3670,-0.86,-0.04,-0.02,-0.50,0.01,0.00,-0.01,-1.00,0.35,0.20,0.12,0.91,100.60
0,3675,-0.86,-0.04,-0.02,-0.50,0.01,0.00,-0.01,-1.00,0.35,0.20,0.12,0.91,100.60
0,3680,-0.86,-0.04,-0.02,-0.50,0.01,0.00,-0.01,-1.00,0.35,0.20,0.13,0.91,100.59
0,3695,-0.86,-0.04,-0.02,-0.50,0.01,0.00,-0.01,-1.00,0.34,0.21,0.13,0.91,100.59
0,3700,-0.86,-0.04,-0.02,-0.50,0.01,0.00,-0.01,-1.00,0.34,0.21,0.13,0.91,100.60
0,3705,-0.86,-0.04,-0.02,-0.50,0.01,0.00,-0.01,-1.00,0.34,0.21,0.14,0.91,100.64
0,3710,-0.86,-0.04,-0.02,-0.50,0.01,0.00,-0.01,-1.00,0.34,0.21,0.14,0.91,100.62
0,3720,-0.86,-0.04,-0.02,-0.50,0.01,0.00,-0.01,-1.00,0.34,0.20,0.15,0.91,100.62
0,3725,-0.86,-0.04,-0.02,-0.50,0.01,0.00,-0.01,-1.00,0.34,0.20,0.15,0.91,100.62
0,3730,-0.86,-0.04,-0.02,-0.50,0.01,0.00,-0.01,-1.00,0.34,0.20,0.16,0.91,100.61
0,3735,-0.86,-0.04,-0.02,-0.50,0.01,0.00,-0.01,-1.00,0.34,0.19,0.16,0.91,100.61
0,3740,-0.86,-0.04,-0.02,-0.50,0.01,0.00,-0.01,-1.00,0.34,0.17,0.15,0.91,100.64
0,3755,-0.86,-0.04,-0.02,-0.50,0.01,0.00,-0.01,-1.00,0.35,0.15,0.13,0.92,100.63
0,3760,-0.86,-0.04,-0.02,-0.50,0.01,0.00,-0.01,-1.00,0.35,0.14,0.12,0.92,100.60
0,3765,-0.86,-0.04,-0.02,-0.50,0.01,0.00,-0.01,-1.00,0.36,0.14,0.11,0.92,100.60
0,3770,-0.86,-0.04,-0.02,-0.50,0.01,0.00,-0.01,-1.00,0.36,0.13,0.10,0.92,100.58
0,3780,-0.86,-0.04,-0.02,-0.50,0.01,0.00,-0.01,-1.00,0.36,0.12,0.09,0.92,100.60
0,3785,-0.86,-0.04,-0.02,-0.50,0.01,0.00,-0.01,-1.00,0.37,0.11,0.08,0.92,100.60
0,3790,-0.86,-0.04,-0.02,-0.50,0.01,0.00,-0.01,-1.00,0.37,0.10,0.07,0.92,100.62
0,3795,-0.86,-0.04,-0.02,-0.50,0.01,0.00,-0.01,-1.00,0.37,0.10,0.06,0.92,100.62
0,3800,-0.86,-0.04,-0.02,-0.50,0.01,0.00,-0.01,-1.00,0.37,0.09,0.05,0.92,100.60
0,3805,-0.86,-0.04,-0.02,-0.50,0.01,0.00,-0.01,-1.00,0.38,0.09,0.05,0.92,100.60
0,3810,-0.86,-0.04,-0.02,-0.50,0.01,0.00,-0.01,-1.00,0.38,0.08,0.04,0.92,100.60
0,3815,-0.86,-0.04,-0.02,-0.50,0.01,0.00,-0.01,-1.00,0.38,0.08,0.03,0.92,100.64
0,3840,-0.86,-0.04,-0.02,-0.50,0.01,0.00,-0.01,-1.00,0.39,0.04,-0.01,0.92,100.61
0,3845,-0.86,-0.04,-0.02,-0.50,0.01,0.00,-0.01,-1.00,0.38,0.03,-0.00,0.92,100.62
0,3850,-0.86,-0.04,-0.02,-0.50,0.01,0.00,-0.01,-1.00,0.38,0.01,0.01,0.92,100.60
0,3855,-0.86,-0.04,-0.02,-0.50,0.01,0.00,-0.01,-1.00,0.38,0.01,0.01,0.93,100.64
0,3865,-0.86,-0.04,-0.02,-0.50,0.01,0.00,-0.01,-1.00,0.38,0.01,0.01,0.93,100.63
0,3870,-0.86,-0.04,-0.02,-0.50,0.01,0.00,-0.01,-1.00,0.38,0.01,0.01,0.93,100.62
0,3875,-0.86,-0.04,-0.02,-0.50,0.01,0.00,-0.01,-1.00,0.38,0.01,0.01,0.93,100.64
0,3895,-0.86,-0.04,-0.02,-0.50,0.01,0.00,-0.01,-1.00,0.38,0.00,0.01,0.93,100.62
0,3900,-0.86,-0.04,-0.02,-0.50,0.01,0.00,-0.01,-1.00,0.38,0.00,0.01,0.93,100.62
0,3905,-0.86,-0.04,-0.02,-0.50,0.01,0.00,-0.01,-1.00,0.38,0.00,0.01,0.93,100.60
0,3910,-0.86,-0.04,-0.02,-0.50,0.01,0.00,-0.01,-1.00,0.38,0.00,0.01,0.93,100.58
0,3925,-0.86,-0.04,-0.02,-0.50,0.01,0.00,-0.01,-1.00,0.38,0.00,0.01,0.93,100.62
0,3930,-0.86,-0.04,-0.02,-0.50,0.01,0.00,-0.01,-1.00,0.38,0.00,0.01,0.93,100.62
0,3935,-0.86,-0.04,-0.02,-0.50,0.01,0.00,-0.01,-1.00,0.38,0.00,0.01,0.93,100.59
0,3940,-0.86,-0.04,-0.02,-0.50,0.01,0.00,-0.01,-1.00,0.38,0.00,0.01,0.93,100.62
0,3945,-0.86,-0.04,-0.02,-0.50,0.01,0.00,-0.01,-1.00,0.38,0.00,0.01,0.93,100.63
0,3950,-0.86,-0.04,-0.02,-0.50,0.01,0.00,-0.01,-1.00,0.38,0.00,0.01,0.93,100.61
0,3955,-0.86,-0.04,-0.02,-0.50,0.01,0.00,-0.01,-1.00,0.38,0.00,0.01,0.93,100.62
0,3975,-0.86,-0.04,-0.02,-0.50,0.01,0.00,-0.01,-1.00,0.38,0.00,0.01,0.93,100.64
0,3985,-0.86,-0.04,-0.02,-0.50,0.01,0.00,-0.01,-1.00,0.38,0.00,0.01,0.93,100.62
0,3990,-0.86,-0.04,-0.02,-0.50,0.01,0.00,-0.01,-1.00,0.38,0.00,0.01,0.93,100.63
0,4010,-0.86,-0.04,-0.02,-0.50,0.01,0.00,-0.01,-1.00,0.38,0.00,0.01,0.93,100.62
0,4015,-0.86,-0.04,-0.02,-0.50,0.01,0.00,-0.01,-1.00,0.38,0.00,0.01,0.93,100.65
0,4020,-0.86,-0.04,-0.02,-0.50,0.01,0.00,-0.01,-1.00,0.38,0.00,0.01,0.93,100.64
0,4025,-0.86,-0.04,-0.02,-0.50,0.01,0.00,-0.01,-1.00,0.38,0.00,0.01,0.93,100.63
0,4030,-0.86,-0.04,-0.02,-0.50,0.01,0.00,-0.01,-1.00,0.38,0.01,0.01,0.93,100.65
0,4035,-0.86,-0.04,-0.02,-0.50,0.01,0.00,-0.01,-1.00,0.38,0.01,0.01,0.93,100.64
0,4040,-0.86,-0.04,-0.02,-0.50,0.01,0.00,-0.01,-1.00,0.38,0.01,0.01,0.93,100.62
0,4045,-0.86,-0.04,-0.02,-0.50,0.01,0.00,-0.01,-1.00,0.38,0.01,0.01,0.93,100.60
0,4055,-0.86,-0.04,-0.02,-0.50,0.01,0.00,-0.01,-1.00,0.38,0.01,0.01,0.93,100.63
0,4060,-0.86,-0.04,-0.02,-0.50,0.01,0.00,-0.01,-1.00,0.38,0.01,0.01,0.93,100.64
0,4070,-0.86,-0.04,-0.02,-0.50,0.01,0.00,-0.01,-1.00,0.38,0.01,0.01,0.93,100.62
0,4085,-0.86,-0.04,-0.02,-0.50,0.01,0.00,-0.01,-1.00,0.38,0.01,0.01,0.93,100.62
0,4090,-0.86,-0.04,-0.02,-0.50,0.01,0.00,-0.01,-1.00,0.38,0.01,0.01,0.93,100.64
0,4095,-0.86,-0.04,-0.02,-0.50,0.01,0.00,-0.01,-1.00,0.38,0.01,0.01,0.92,100.62
0,4100,-0.86,-0.04,-0.02,-0.50,0.01,0.00,-0.01,-1.00,0.38,0.01,0.01,0.92,100.62
0,4105,-0.86,-0.04,-0.02,-0.50,0.01,0.00,-0.01,-1.00,0.38,0.01,0.01,0.92,100.62
0,4110,-0.86,-0.04,-0.02,-0.50,0.01,0.00,-0.01,-1.00,0.38,0.01,0.01,0.92,100.65
0,4115,-0.86,-0.04,-0.02,-0.50,0.01,0.00,-0.01,-1.00,0.38,0.01,0.01,0.92,100.62
0,4120,-0.86,-0.04,-0.02,-0.50,0.01,0.00,-0.01,-1.00,0.38,0.01,0.01,0.92,100.64
0,4130,-0.86,-0.04,-0.02,-0.50,0.01,0.00,-0.01,-1.00,0.38,0.01,0.01,0.92,100.62
0,4140,-0.86,-0.04,-0.02,-0.50,0.01,0.00,-0.01,-1.00,0.38,0.01,0.01,0.92,100.62
0,4145,-0.86,-0.04,-0.02,-0.50,0.01,0.00,-0.01,-1.00,0.38,0.01,0.01,0.92,100.60
0,4150,-0.86,-0.04,-0.02,-0.50,0.01,0.00,-0.01,-1.00,0.38,0.01,0.01,0.92,100.64
0,4155,-0.86,-0.04,-0.02,-0.50,0.01,0.00,-0.01,-1.00,0.38,0.01,0.01,0.92,100.62
0,4165,-0.86,-0.04,-0.02,-0.50,0.01,0.00,-0.01,-1.00,0.38,0.01,0.01,0.92,100.62
0,4170,-0.86,-0.04,-0.02,-0.50,0.01,0.00,-0.01,-1.00,0.38,0.01,0.01,0.92,100.60
0,4175,-0.86,-0.04,-0.02,-0.50,0.01,0.00,-0.01,-1.00,0.38,0.01,0.01,0.92,100.62
0,4180,-0.86,-0.04,-0.02,-0.50,0.01,0.00,-0.01,-1.00,0.38,0.01,0.01,0.92,100.62
0,4200,-0.86,-0.04,-0.02,-0.50,0.01,0.00,-0.01,-1.00,0.38,0.01,0.01,0.92,100.64
0,4205,-0.86,-0.04,-0.02,-0.50,0.01,0.00,-0.01,-1.00,0.38,0.01,0.01,0.92,100.64
0,4210,-0.86,-0.04,-0.02,-0.50,0.01,0.00,-0.01,-1.00,0.38,0.01,0.01,0.92,100.65
0,4215,-0.86,-0.04,-0.02,-0.50,0.01,0.00,-0.01,-1.00,0.38,0.01,0.01,0.92,100.65
0,4220,-0.86,-0.04,-0.02,-0.50,0.01,0.00,-0.01,-1.00,0.38,0.01,0.01,0.92,100.87
0,4225,-0.86,-0.04,-0.02,-0.50,0.01,0.00,-0.01,-1.00,0.38,0.01,0.01,0.92,101.13
0,4230,-0.86,-0.04,-0.02,-0.50,0.01,0.00,-0.01,-1.00,0.38,0.01,0.01,0.92,101.40
0,4235,-0.86,-0.04,-0.02,-0.50,0.01,0.00,-0.01,-1.00,0.38,0.01,0.01,0.92,101.82
0,4240,-0.86,-0.04,-0.02,-0.50,0.01,0.00,-0.01,-1.00,0.38,0.01,0.01,0.92,102.41
0,4260,-0.86,-0.04,-0.02,-0.50,0.01,0.00,-0.01,-1.00,0.38,0.01,0.01,0.92,105.71
0,4270,-0.86,-0.04,-0.02,-0.50,0.01,0.00,-0.01,-1.00,0.38,0.01,0.01,0.92,107.36
0,4275,-0.86,-0.04,-0.02,-0.50,0.01,0.00,-0.01,-1.00,0.38,0.01,0.01,0.92,108.13
0,4280,-0.86,-0.04,-0.02,-0.50,0.01,0.00,-0.01,-1.00,0.38,0.01,0.01,0.92,108.72
0,4285,-0.86,-0.04,-0.02,-0.50,0.01,0.00,-0.01,-1.00,0.38,0.01,0.01,0.92,109.20
0,4295,-0.86,-0.04,-0.02,-0.50,0.01,0.00,-0.01,-1.00,0.38,0.01,0.01,0.92,109.93
0,4305,-0.86,-0.04,-0.02,-0.50,0.01,0.00,-0.01,-1.00,0.38,0.01,0.01,0.92,110.28
0,4310,-0.86,-0.04,-0.02,-0.50,0.01,0.00,-0.01,-1.00,0.38,0.01,0.01,0.92,110.40
0,4315,-0.86,-0.04,-0.02,-0.50,0.01,0.00,-0.01,-1.00,0.38,0.01,0.01,0.92,110.46
0,4325,-0.86,-0.04,-0.02,-0.50,0.01,0.00,-0.01,-1.00,0.38,0.01,0.01,0.92,110.52
0,4335,-0.86,-0.04,-0.02,-0.50,0.01,0.00,-0.01,-1.00,0.38,0.01,0.01,0.92,110.60
0,4340,-0.86,-0.04,-0.02,-0.50,0.01,0.00,-0.01,-1.00,0.38,0.01,0.01,0.92,110.64
0,4345,-0.86,-0.04,-0.02,-0.50,0.01,0.00,-0.01,-1.00,0.38,0.01,0.01,0.92,110.66
0,4350,-0.86,-0.04,-0.02,-0.50,0.01,0.00,-0.01,-1.00,0.38,0.01,0.01,0.92,110.64
0,4360,-0.86,-0.04,-0.02,-0.50,0.01,0.00,-0.01,-1.00,0.38,0.01,0.01,0.92,110.41
0,4365,-0.86,-0.04,-0.02,-0.50,0.01,0.00,-0.01,-1.00,0.38,0.01,0.01,0.92,110.17
0,4370,-0.86,-0.04,-0.02,-0.50,0.01,0.00,-0.01,-1.00,0.38,0.01,0.01,0.92,109.81
0,4375,-0.86,-0.04,-0.02,-0.50,0.01,0.00,-0.01,-1.00,0.38,0.01,0.01,0.92,109.34
0,4385,-0.86,-0.04,-0.02,-0.50,0.01,0.00,-0.01,-1.00,0.38,0.01,0.01,0.92,108.07
0,4390,-0.86,-0.04,-0.02,-0.50,0.01,0.00,-0.01,-1.00,0.38,0.01,0.01,0.92,107.31
0,4395,-0.86,-0.04,-0.02,-0.50,0.01,0.00,-0.01,-1.00,0.38,0.01,0.01,0.92,106.51
0,4420,-0.86,-0.04,-0.02,-0.50,0.01,0.00,-0.01,-1.00,0.38,0.01,0.01,0.92,103.02
0,4425,-0.86,-0.04,-0.02,-0.50,0.01,0.00,-0.01,-1.00,0.38,0.01,0.01,0.92,102.49
0,4430,-0.86,-0.04,-0.02,-0.50,0.01,0.00,-0.01,-1.00,0.38,0.01,0.01,0.92,102.14
0,4435,-0.86,-0.04,-0.02,-0.50,0.01,0.00,-0.01,-1.00,0.38,0.01,0.01,0.92,101.76
0,4450,-0.86,-0.04,-0.02,-0.50,0.01,0.00,-0.01,-1.00,0.38,0.01,0.01,0.92,101.01
0,4455,-0.86,-0.04,-0.02,-0.50,0.01,0.00,-0.01,-1.00,0.38,0.01,0.01,0.92,100.89
0,4460,-0.86,-0.04,-0.02,-0.50,0.01,0.00,-0.01,-1.00,0.38,0.01,0.01,0.92,100.77
0,4470,-0.86,-0.04,-0.02,-0.50,0.01,0.00,-0.01,-1.00,0.38,0.01,0.01,0.92,100.70
0,4475,-0.86,-0.04,-0.02,-0.50,0.01,0.00,-0.01,-1.00,0.38,0.01,0.01,0.92,100.66
0,4480,-0.86,-0.04,-0.02,-0.50,0.01,0.00,-0.01,-1.00,0.38,0.01,0.01,0.92,100.64
0,4485,-0.86,-0.04,-0.02,-0.50,0.01,0.00,-0.01,-1.00,0.38,0.01,0.01,0.92,100.66
0,4505,-0.86,-0.04,-0.02,-0.50,0.01,0.00,-0.01,-1.00,0.38,0.01,0.01,0.92,101.13
0,4510,-0.86,-0.04,-0.02,-0.50,0.01,0.00,-0.01,-1.00,0.38,0.01,0.01,0.92,101.66
0,4515,-0.86,-0.04,-0.02,-0.50,0.01,0.00,-0.01,-1.00,0.38,0.01,0.01,0.92,102.73
0,4520,-0.86,-0.04,-0.02,-0.50,0.01,0.00,-0.01,-1.00,0.38,0.01,0.01,0.92,104.58
0,4525,-0.86,-0.04,-0.02,-0.50,0.01,0.00,-0.01,-1.00,0.38,0.01,0.01,0.92,106.91
0,4535,-0.86,-0.04,-0.02,-0.50,0.01,0.00,-0.01,-1.00,0.38,0.01,0.01,0.92,109.04
0,4540,-0.86,-0.04,-0.02,-0.50,0.01,0.00,-0.01,-1.00,0.38,0.01,0.01,0.92,109.31
0,4545,-0.86,-0.04,-0.02,-0.50,0.01,0.00,-0.01,-1.00,0.38,0.01,0.01,0.92,110.05
0,4550,-0.86,-0.04,-0.02,-0.50,0.01,0.00,-0.01,-1.00,0.38,0.01,0.01,0.92,111.03
0,4560,-0.86,-0.04,-0.02,-0.50,0.01,0.00,-0.01,-1.00,0.38,0.01,0.01,0.92,112.63
0,4565,-0.86,-0.04,-0.02,-0.50,0.01,0.00,-0.01,-1.00,0.38,0.01,0.01,0.92,113.06
0,4570,-0.86,-0.04,-0.02,-0.50,0.01,0.00,-0.01,-1.00,0.38,0.01,0.01,0.92,113.30
0,4575,-0.86,-0.04,-0.02,-0.50,0.01,0.00,-0.01,-1.00,0.38,0.01,0.01,0.92,113.28
0,4590,-0.86,-0.04,-0.02,-0.50,0.01,0.00,-0.01,-1.00,0.38,0.01,0.01,0.92,112.37
0,4595,-0.86,-0.04,-0.02,-0.50,0.01,0.00,-0.01,-1.00,0.38,0.01,0.01,0.92,111.86
0,4600,-0.86,-0.04,-0.02,-0.50,0.01,0.00,-0.01,-1.00,0.38,0.01,0.01,0.92,111.23
0,4615,-0.86,-0.04,-0.02,-0.50,0.01,0.00,-0.01,-1.00,0.38,0.01,0.01,0.92,109.08
0,4620,-0.86,-0.04,-0.02,-0.50,0.01,0.00,-0.01,-1.00,0.38,0.01,0.01,0.92,108.27
0,4625,-0.86,-0.04,-0.02,-0.50,0.01,0.00,-0.01,-1.00,0.38,0.01,0.01,0.92,107.44
0,4630,-0.86,-0.04,-0.02,-0.50,0.01,0.00,-0.01,-1.00,0.38,0.01,0.01,0.92,106.57
0,4640,-0.86,-0.04,-0.02,-0.50,0.01,0.00,-0.01,-1.00,0.38,0.01,0.01,0.92,104.82
0,4650,-0.86,-0.04,-0.02,-0.50,0.01,0.00,-0.01,-1.00,0.38,0.01,0.01,0.92,103.26
0,4655,-0.86,-0.04,-0.02,-0.50,0.01,0.00,-0.01,-1.00,0.38,0.01,0.01,0.92,102.65
0,4660,-0.86,-0.04,-0.02,-0.50,0.01,0.00,-0.01,-1.00,0.38,0.01,0.01,0.92,102.14
0,4665,-0.86,-0.04,-0.02,-0.50,0.01,0.00,-0.01,-1.00,0.38,0.01,0.01,0.92,101.67
0,4670,-0.86,-0.04,-0.02,-0.50,0.01,0.00,-0.01,-1.00,0.38,0.01,0.01,0.92,101.31
0,4675,-0.86,-0.04,-0.02,-0.50,0.01,0.00,-0.01,-1.00,0.38,0.01,0.01,0.92,101.07
0,4680,-0.86,-0.04,-0.02,-0.50,0.01,0.00,-0.01,-1.00,0.38,0.01,0.01,0.92,100.90
0,4685,-0.86,-0.04,-0.02,-0.50,0.01,0.00,-0.01,-1.00,0.38,0.01,0.01,0.92,100.83
0,4690,-0.86,-0.04,-0.02,-0.50,0.01,0.00,-0.01,-1.00,0.38,0.01,0.01,0.92,100.70
0,4705,-0.86,-0.04,-0.02,-0.50,0.01,0.00,-0.01,-1.00,0.38,0.01,0.01,0.92,100.54
0,4710,-0.86,-0.04,-0.02,-0.50,0.01,0.00,-0.01,-1.00,0.38,0.01,0.01,0.92,100.56
0,4715,-0.86,-0.04,-0.02,-0.50,0.01,0.00,-0.01,-1.00,0.38,0.01,0.01,0.92,100.54
0,4720,-0.86,-0.04,-0.02,-0.50,0.01,0.00,-0.01,-1.00,0.38,0.01,0.01,0.92,100.58
0,4725,-0.86,-0.04,-0.02,-0.50,0.01,0.00,-0.01,-1.00,0.38,0.01,0.01,0.92,100.58
0,4730,-0.86,-0.04,-0.02,-0.50,0.01,0.00,-0.01,-1.00,0.38,0.01,0.01,0.92,100.58
0,4735,-0.86,-0.04,-0.02,-0.50,0.01,0.00,-0.01,-1.00,0.38,0.01,0.01,0.92,100.58
0,4740,-0.86,-0.04,-0.02,-0.50,0.01,0.00,-0.01,-1.00,0.38,0.01,0.00,0.92,100.74
0,4750,-0.86,-0.04,-0.02,-0.50,0.01,0.00,-0.01,-1.00,0.38,0.01,0.00,0.92,102.28
0,4760,-0.86,-0.04,-0.02,-0.50,0.01,0.00,-0.01,-1.00,0.38,0.01,0.00,0.92,107.11
0,4765,-0.86,-0.04,-0.02,-0.50,0.01,0.00,-0.01,-1.00,0.38,0.01,0.00,0.92,110.33
0,4770,-0.86,-0.04,-0.02,-0.50,0.01,0.00,-0.01,-1.00,0.38,0.01,0.00,0.92,112.44
0,4775,-0.86,-0.04,-0.02,-0.50,0.01,0.00,-0.01,-1.00,0.38,0.01,0.00,0.92,113.48
0,4780,-0.86,-0.04,-0.02,-0.50,0.01,0.00,-0.01,-1.00,0.38,0.01,0.00,0.92,114.21
0,4795,-0.86,-0.04,-0.02,-0.50,0.01,0.00,-0.01,-1.00,0.38,0.01,0.00,0.92,115.44
0,4800,-0.86,-0.04,-0.02,-0.50,0.01,0.00,-0.01,-1.00,0.38,0.01,0.00,0.92,115.26
0,4805,-0.86,-0.04,-0.02,-0.50,0.01,0.00,-0.01,-1.00,0.38,0.01,0.00,0.92,114.79
0,4810,-0.86,-0.04,-0.02,-0.50,0.01,0.00,-0.01,-1.00,0.38,0.01,0.00,0.92,114.14
0,4815,-0.86,-0.04,-0.02,-0.50,0.01,0.00,-0.01,-1.00,0.38,0.01,0.00,0.92,113.49
0,4820,-0.86,-0.04,-0.02,-0.50,0.01,0.00,-0.01,-1.00,0.38,0.01,0.00,0.92,112.85
0,4835,-0.86,-0.04,-0.02,-0.50,0.01,0.00,-0.01,-1.00,0.38,0.01,0.00,0.92,110.77
0,4845,-0.86,-0.04,-0.02,-0.50,0.01,0.00,-0.01,-1.00,0.38,0.01,0.00,0.92,109.24
0,4850,-0.86,-0.04,-0.02,-0.50,0.01,0.00,-0.01,-1.00,0.38,0.01,0.00,0.92,108.43
0,4855,-0.86,-0.04,-0.02,-0.50,0.01,0.00,-0.01,-1.00,0.38,0.01,0.00,0.92,107.57
0,4860,-0.86,-0.04,-0.02,-0.50,0.01,0.00,-0.01,-1.00,0.38,0.01,0.00,0.92,106.68
0,4865,-0.86,-0.04,-0.02,-0.50,0.01,0.00,-0.01,-1.00,0.38,0.01,0.00,0.92,105.87
0,4875,-0.86,-0.04,-0.02,-0.50,0.01,0.00,-0.01,-1.00,0.38,0.01,0.00,0.92,104.14
0,4880,-0.86,-0.04,-0.02,-0.50,0.01,0.00,-0.01,-1.00,0.38,0.01,0.00,0.92,103.40
0,4895,-0.86,-0.04,-0.02,-0.50,0.01,0.00,-0.01,-1.00,0.38,0.01,0.00,0.92,101.81
0,4900,-0.86,-0.04,-0.02,-0.50,0.01,0.00,-0.01,-1.00,0.38,0.01,0.00,0.92,101.49
0,4910,-0.86,-0.04,-0.02,-0.50,0.01,0.00,-0.01,-1.00,0.38,0.01,0.00,0.92,101.06
0,4920,-0.86,-0.04,-0.02,-0.50,0.01,0.00,-0.01,-1.00,0.38,0.01,0.00,0.92,100.86
0,4925,-0.86,-0.04,-0.02,-0.50,0.01,0.00,-0.01,-1.00,0.38,0.01,0.00,0.92,100.84
0,4930,-0.86,-0.04,-0.02,-0.50,0.01,0.00,-0.01,-1.00,0.38,0.01,0.00,0.92,100.84
0,4935,-0.86,-0.04,-0.02,-0.50,0.01,0.00,-0.01,-1.00,0.38,0.01,0.00,0.92,100.94
0,4945,-0.86,-0.04,-0.02,-0.50,0.01,0.00,-0.01,-1.00,0.38,0.01,0.00,0.92,101.46
0,4950,-0.86,-0.04,-0.02,-0.50,0.01,0.00,-0.01,-1.00,0.38,0.01,0.00,0.92,102.03
0,4955,-0.86,-0.04,-0.02,-0.50,0.01,0.00,-0.01,-1.00,0.38,0.01,0.00,0.92,102.88
0,4970,-0.86,-0.04,-0.02,-0.50,0.01,0.00,-0.01,-1.00,0.38,0.01,0.00,0.92,108.26
0,4975,-0.86,-0.04,-0.02,-0.50,0.01,0.00,-0.01,-1.00,0.38,0.01,0.00,0.92,110.21
0,4980,-0.86,-0.04,-0.02,-0.50,0.01,0.00,-0.01,-1.00,0.38,0.01,0.00,0.92,111.67
0,4985,-0.86,-0.04,-0.02,-0.50,0.01,0.00,-0.01,-1.00,0.38,0.01,0.00,0.92,112.68
0,4995,-0.86,-0.04,-0.02,-0.50,0.01,0.00,-0.01,-1.00,0.38,0.01,0.00,0.92,113.97
0,5000,-0.86,-0.04,-0.02,-0.50,0.01,0.00,-0.01,-1.00,0.38,0.01,0.00,0.92,114.38
0,5005,-0.86,-0.04,-0.02,-0.50,0.01,0.00,-0.01,-1.00,0.38,0.01,0.00,0.92,114.60
0,5010,-0.86,-0.04,-0.02,-0.50,0.01,0.00,-0.01,-1.00,0.38,0.01,0.00,0.92,114.61
0,5020,-0.86,-0.04,-0.02,-0.50,0.01,0.00,-0.01,-1.00,0.38,0.01,0.00,0.92,114.24
0,5030,-0.86,-0.04,-0.02,-0.50,0.01,0.00,-0.01,-1.00,0.38,0.01,0.00,0.92,113.61
0,5035,-0.86,-0.04,-0.02,-0.50,0.01,0.00,-0.01,-1.00,0.38,0.01,0.00,0.92,113.25
0,5040,-0.86,-0.04,-0.02,-0.50,0.01,0.00,-0.01,-1.00,0.38,0.01,0.00,0.92,112.82
0,5045,-0.86,-0.04,-0.02,-0.50,0.01,0.00,-0.01,-1.00,0.38,0.01,0.00,0.92,112.33
0,5055,-0.86,-0.04,-0.02,-0.50,0.01,0.00,-0.01,-1.00,0.38,0.01,0.00,0.92,111.11
0,5060,-0.86,-0.04,-0.02,-0.50,0.01,0.00,-0.01,-1.00,0.38,0.01,0.00,0.92,110.39
0,5065,-0.86,-0.04,-0.02,-0.50,0.01,0.00,-0.01,-1.00,0.38,0.01,0.00,0.92,109.64
0,5070,-0.86,-0.04,-0.02,-0.50,0.01,0.00,-0.01,-1.00,0.38,0.01,0.00,0.92,108.82
0,5080,-0.86,-0.04,-0.02,-0.50,0.01,0.00,-0.01,-1.00,0.38,0.01,0.00,0.92,107.00
0,5085,-0.86,-0.04,-0.02,-0.50,0.01,0.00,-0.01,-1.00,0.38,0.01,0.00,0.92,106.05
0,5090,-0.86,-0.04,-0.02,-0.50,0.01,0.00,-0.01,-1.00,0.38,0.01,0.00,0.92,105.03
0,5095,-0.86,-0.04,-0.02,-0.50,0.01,0.00,-0.01,-1.00,0.38,0.01,0.00,0.92,104.04
0,5110,-0.86,-0.04,-0.02,-0.50,0.01,0.00,-0.01,-1.00,0.38,0.01,0.00,0.92,101.52
0,5115,-0.86,-0.04,-0.02,-0.50,0.01,0.00,-0.01,-1.00,0.38,0.01,0.00,0.92,100.97
0,5120,-0.86,-0.04,-0.02,-0.50,0.01,0.00,-0.01,-1.00,0.38,0.01,0.00,0.92,100.65
0,5130,-0.86,-0.04,-0.02,-0.50,0.01,0.00,-0.01,-1.00,0.38,0.01,0.00,0.92,100.43
0,5135,-0.86,-0.04,-0.02,-0.50,0.01,0.00,-0.01,-1.00,0.38,0.01,0.00,0.92,100.48
0,5145,-0.86,-0.04,-0.02,-0.50,0.01,0.00,-0.01,-1.00,0.38,0.01,0.00,0.92,100.48
0,5150,-0.86,-0.04,-0.02,-0.50,0.01,0.00,-0.01,-1.00,0.38,0.01,0.00,0.92,100.51
0,5155,-0.86,-0.04,-0.02,-0.50,0.01,0.00,-0.01,-1.00,0.38,0.01,0.00,0.92,100.51
0,5160,-0.86,-0.04,-0.02,-0.50,0.01,0.00,-0.01,-1.00,0.38,0.01,0.00,0.92,100.54
0,5170,-0.86,-0.04,-0.02,-0.50,0.01,0.00,-0.01,-1.00,0.38,0.01,0.00,0.92,100.54
0,5180,-0.86,-0.04,-0.02,-0.50,0.01,0.00,-0.01,-1.00,0.38,0.01,0.00,0.92,100.56
0,5185,-0.86,-0.04,-0.02,-0.50,0.01,0.00,-0.01,-1.00,0.38,0.01,0.00,0.92,100.54
0,5195,-0.86,-0.04,-0.02,-0.50,0.01,0.00,-0.01,-1.00,0.38,0.01,0.00,0.92,100.56
0,5200,-0.86,-0.04,-0.02,-0.50,0.01,0.00,-0.01,-1.00,0.38,0.01,0.00,0.92,100.54
0,5205,-0.86,-0.04,-0.02,-0.50,0.01,0.00,-0.01,-1.00,0.38,0.01,0.00,0.92,100.54
0,5210,-0.86,-0.04,-0.02,-0.50,0.01,0.00,-0.01,-1.00,0.38,0.01,0.00,0.92,100.57
0,5215,-0.86,-0.04,-0.02,-0.50,0.01,0.00,-0.01,-1.00,0.38,0.01,0.00,0.92,100.56
0,5225,-0.86,-0.04,-0.02,-0.50,0.01,0.00,-0.01,-1.00,0.38,0.01,0.00,0.92,100.57
0,5235,-0.86,-0.04,-0.02,-0.50,0.01,0.00,-0.01,-1.00,0.38,0.01,0.00,0.92,100.57
0,5240,-0.86,-0.04,-0.02,-0.50,0.01,0.00,-0.01,-1.00,0.38,0.01,0.00,0.92,100.58
0,5255,-0.86,-0.04,-0.02,-0.50,0.01,0.00,-0.01,-1.00,0.38,0.01,0.00,0.92,100.60
0,5260,-0.86,-0.04,-0.02,-0.50,0.01,0.00,-0.01,-1.00,0.38,0.01,0.00,0.92,100.56
0,5270,-0.86,-0.04,-0.02,-0.50,0.01,0.00,-0.01,-1.00,0.38,0.01,0.00,0.92,100.58
0,5280,-0.86,-0.04,-0.02,-0.50,0.01,0.00,-0.01,-1.00,0.38,0.01,0.00,0.92,100.60
0,5285,-0.86,-0.04,-0.02,-0.50,0.01,0.00,-0.01,-1.00,0.38,0.01,0.00,0.92,100.60
0,5290,-0.86,-0.04,-0.02,-0.50,0.01,0.00,-0.01,-1.00,0.38,0.01,0.00,0.92,100.60
0,5305,-0.86,-0.04,-0.02,-0.50,0.01,0.00,-0.01,-1.00,0.38,0.01,0.00,0.92,100.58
0,5310,-0.86,-0.04,-0.02,-0.50,0.01,0.00,-0.01,-1.00,0.38,0.01,0.00,0.92,100.60
0,5315,-0.86,-0.04,-0.02,-0.50,0.01,0.00,-0.01,-1.00,0.38,0.01,0.00,0.92,100.60
0,5320,-0.86,-0.04,-0.02,-0.50,0.01,0.00,-0.01,-1.00,0.38,0.01,0.00,0.92,100.60
0,5345,-0.86,-0.04,-0.02,-0.50,0.01,0.00,-0.01,-1.00,0.38,0.01,0.00,0.92,100.60
0,5350,-0.86,-0.04,-0.02,-0.50,0.01,0.00,-0.01,-1.00,0.38,0.01,0.00,0.92,100.58
0,5355,-0.86,-0.04,-0.02,-0.50,0.01,0.00,-0.01,-1.00,0.38,0.01,0.00,0.92,100.57
0,5365,-0.86,-0.04,-0.02,-0.50,0.01,0.00,-0.01,-1.00,0.38,0.01,0.00,0.92,100.64
0,5370,-0.86,-0.04,-0.02,-0.50,0.01,0.00,-0.01,-1.00,0.38,0.01,0.00,0.92,100.60
0,5375,-0.86,-0.04,-0.02,-0.50,0.01,0.00,-0.01,-1.00,0.38,0.01,0.00,0.92,100.60
0,5380,-0.86,-0.04,-0.02,-0.50,0.01,0.00,-0.01,-1.00,0.38,0.01,0.00,0.92,100.60
0,5385,-0.86,-0.04,-0.02,-0.50,0.01,0.00,-0.01,-1.00,0.38,0.01,0.00,0.92,100.60
0,5390,-0.86,-0.04,-0.02,-0.50,0.01,0.00,-0.01,-1.00,0.38,0.01,0.00,0.92,100.62
0,5395,-0.86,-0.04,-0.02,-0.50,0.01,0.00,-0.01,-1.00,0.38,0.01,0.00,0.92,100.60
0,5400,-0.86,-0.04,-0.02,-0.50,0.01,0.00,-0.01,-1.00,0.38,0.01,0.00,0.92,100.60
0,5425,-0.86,-0.04,-0.02,-0.50,0.01,0.00,-0.01,-1.00,0.38,0.01,0.00,0.92,100.58
0,5435,-0.86,-0.04,-0.02,-0.50,0.01,0.00,-0.01,-1.00,0.38,0.01,0.00,0.92,100.60
0,5440,-0.86,-0.04,-0.02,-0.50,0.01,0.00,-0.01,-1.00,0.38,0.01,0.00,0.92,100.58
0,5445,-0.86,-0.04,-0.02,-0.50,0.01,0.00,-0.01,-1.00,0.38,0.01,0.00,0.92,100.60
0,5450,-0.86,-0.04,-0.02,-0.50,0.01,0.00,-0.01,-1.00,0.38,0.01,0.00,0.92,100.60
0,5455,-0.86,-0.04,-0.02,-0.50,0.01,0.00,-0.01,-1.00,0.38,0.01,0.00,0.92,100.62
0,5460,-0.86,-0.04,-0.02,-0.50,0.01,0.00,-0.01,-1.00,0.38,0.01,0.00,0.92,100.60
0,5465,-0.86,-0.04,-0.02,-0.50,0.01,0.00,-0.01,-1.00,0.38,0.01,0.00,0.92,100.59
0,5470,-0.86,-0.04,-0.02,-0.50,0.01,0.00,-0.01,-1.00,0.38,0.01,0.00,0.92,100.58
0,5480,-0.86,-0.04,-0.02,-0.50,0.01,0.00,-0.01,-1.00,0.38,0.01,0.00,0.92,100.60
0,5485,-0.86,-0.04,-0.02,-0.50,0.01,0.00,-0.01,-1.00,0.38,0.01,0.00,0.92,100.60
0,5490,-0.86,-0.04,-0.02,-0.50,0.01,0.00,-0.01,-1.00,0.38,0.01,0.00,0.92,100.60
0,5495,-0.86,-0.04,-0.02,-0.50,0.01,0.00,-0.01,-1.00,0.38,0.01,0.00,0.92,100.61
0,5500,-0.86,-0.04,-0.02,-0.50,0.01,0.00,-0.01,-1.00,0.38,0.01,0.00,0.92,100.62
0,5505,-0.86,-0.04,-0.02,-0.50,0.01,0.00,-0.01,-1.00,0.38,0.01,0.00,0.92,100.60
0,5510,-0.86,-0.04,-0.02,-0.50,0.01,0.00,-0.01,-1.00,0.38,0.01,0.00,0.92,100.62
0,5515,-0.86,-0.04,-0.02,-0.50,0.01,0.00,-0.01,-1.00,0.38,0.01,0.00,0.92,100.62
0,5530,-0.86,-0.04,-0.02,-0.50,0.01,0.00,-0.01,-1.00,0.38,0.01,0.00,0.92,100.62
0,5535,-0.86,-0.04,-0.02,-0.50,0.01,0.00,-0.01,-1.00,0.38,0.01,0.00,0.92,100.60
0,5540,-0.86,-0.04,-0.02,-0.50,0.01,0.00,-0.01,-1.00,0.38,0.01,0.00,0.92,100.60
0,5545,-0.86,-0.04,-0.02,-0.50,0.01,0.00,-0.01,-1.00,0.38,0.01,0.00,0.92,100.60
0,5550,-0.86,-0.04,-0.02,-0.50,0.01,0.00,-0.01,-1.00,0.38,0.01,0.00,0.92,100.60
0,5555,-0.86,-0.04,-0.02,-0.50,0.01,0.00,-0.01,-1.00,0.38,0.01,0.00,0.92,100.60
0,5560,-0.86,-0.04,-0.02,-0.50,0.01,0.00,-0.01,-1.00,0.38,0.01,0.00,0.92,100.58
0,5565,-0.86,-0.04,-0.02,-0.50,0.01,0.00,-0.01,-1.00,0.38,0.01,0.00,0.92,100.62
0,5575,-0.86,-0.04,-0.02,-0.50,0.01,0.00,-0.01,-1.00,0.38,0.01,0.00,0.92,100.60
0,5590,-0.86,-0.04,-0.02,-0.50,0.01,0.00,-0.01,-1.00,0.38,0.01,0.00,0.92,100.58
0,5595,-0.86,-0.04,-0.02,-0.50,0.01,0.00,-0.01,-1.00,0.38,0.01,0.00,0.92,100.58
0,5600,-0.86,-0.04,-0.02,-0.50,0.01,0.00,-0.01,-1.00,0.38,0.01,0.00,0.92,100.61
0,5605,-0.86,-0.04,-0.02,-0.50,0.01,0.00,-0.01,-1.00,0.38,0.01,0.00,0.92,100.60
0,5610,-0.86,-0.04,-0.02,-0.50,0.01,0.00,-0.01,-1.00,0.38,0.01,0.00,0.92,100.60
0,5615,-0.86,-0.04,-0.02,-0.50,0.01,0.00,-0.01,-1.00,0.38,0.01,0.00,0.92,100.60
0,5620,-0.86,-0.04,-0.02,-0.50,0.01,0.00,-0.01,-1.00,0.38,0.01,0.00,0.92,100.60
0,5625,-0.86,-0.04,-0.02,-0.50,0.01,0.00,-0.01,-1.00,0.38,0.01,0.00,0.92,100.60
0,5635,-0.86,-0.04,-0.02,-0.50,0.01,0.00,-0.01,-1.00,0.38,0.01,0.00,0.92,100.62
0,5645,-0.86,-0.04,-0.02,-0.50,0.01,0.00,-0.01,-1.00,0.38,0.01,0.00,0.92,100.60
0,5650,-0.86,-0.04,-0.02,-0.50,0.01,-0.00,-0.01,-1.00,0.38,0.01,0.00,0.92,100.62
0,5660,-0.86,-0.04,-0.02,-0.50,0.01,-0.00,-0.01,-1.00,0.38,0.01,0.00,0.92,100.62
0,5670,-0.86,-0.04,-0.02,-0.50,0.01,-0.00,-0.01,-1.00,0.38,0.01,0.00,0.92,100.58
0,5675,-0.86,-0.04,-0.02,-0.50,0.01,-0.00,-0.01,-1.00,0.38,0.01,0.00,0.92,100.62
0,5680,-0.86,-0.04,-0.02,-0.50,0.01,-0.00,-0.01,-1.00,0.38,0.01,0.00,0.92,100.62
0,5685,-0.86,-0.04,-0.02,-0.50,0.01,-0.00,-0.01,-1.00,0.38,0.01,0.00,0.92,100.60
0,5700,-0.86,-0.04,-0.02,-0.50,0.01,-0.00,-0.01,-1.00,0.38,0.01,0.00,0.92,100.60
0,5705,-0.86,-0.04,-0.02,-0.50,0.01,-0.00,-0.01,-1.00,0.38,0.01,0.00,0.92,100.60
0,5710,-0.86,-0.04,-0.02,-0.50,0.01,-0.00,-0.01,-1.00,0.38,0.01,0.00,0.92,100.62
0,5715,-0.86,-0.04,-0.02,-0.50,0.01,-0.00,-0.01,-1.00,0.38,0.01,0.00,0.92,100.60
0,5720,-0.86,-0.04,-0.02,-0.50,0.01,-0.00,-0.01,-1.00,0.38,0.01,0.00,0.92,100.60
0,5735,-0.86,-0.04,-0.02,-0.50,0.01,-0.00,-0.01,-1.00,0.38,0.01,0.00,0.92,100.60
0,5740,-0.86,-0.04,-0.02,-0.50,0.01,-0.00,-0.01,-1.00,0.38,0.01,0.00,0.92,100.62
0,5750,-0.86,-0.04,-0.02,-0.50,0.01,-0.00,-0.01,-1.00,0.38,0.01,0.00,0.92,100.60
0,5755,-0.86,-0.04,-0.02,-0.50,0.01,-0.00,-0.01,-1.00,0.38,0.01,0.00,0.92,100.62
0,5760,-0.86,-0.04,-0.02,-0.50,0.01,-0.00,-0.01,-1.00,0.38,0.01,0.00,0.92,100.60
0,5765,-0.86,-0.04,-0.02,-0.50,0.01,-0.00,-0.01,-1.00,0.38,0.01,0.00,0.92,100.60
0,5770,-0.86,-0.04,-0.02,-0.50,0.01,-0.00,-0.01,-1.00,0.38,0.01,0.00,0.92,100.63
0,5780,-0.86,-0.04,-0.02,-0.50,0.01,-0.00,-0.01,-1.00,0.38,0.01,0.00,0.92,100.59
0,5785,-0.86,-0.04,-0.02,-0.50,0.01,-0.00,-0.01,-1.00,0.38,0.01,0.00,0.92,100.58
0,5790,-0.86,-0.04,-0.02,-0.50,0.01,-0.00,-0.01,-1.00,0.38,0.01,0.00,0.92,100.60
0,5795,-0.86,-0.04,-0.02,-0.50,0.01,-0.00,-0.01,-1.00,0.38,0.01,0.00,0.92,100.62
0,5800,-0.86,-0.04,-0.02,-0.50,0.01,-0.00,-0.01,-1.00,0.38,0.01,0.00,0.92,100.62
0,5805,-0.86,-0.04,-0.02,-0.50,0.01,-0.00,-0.01,-1.00,0.38,0.01,0.00,0.92,100.62
0,5810,-0.86,-0.04,-0.02,-0.50,0.01,-0.00,-0.01,-1.00,0.38,0.01,0.00,0.92,100.62
0,5815,-0.86,-0.04,-0.02,-0.50,0.01,-0.00,-0.01,-1.00,0.38,0.01,0.00,0.92,100.60
0,5820,-0.86,-0.04,-0.02,-0.50,0.01,-0.00,-0.01,-1.00,0.38,0.01,0.00,0.92,100.60
0,5,-0.86,-0.04,-0.02,-0.50,0.01,-0.01,-0.01,-1.00,0.38,0.01,0.00,0.92,100.60
0,10,-0.86,-0.04,-0.02,-0.50,0.01,-0.01,-0.01,-1.00,0.38,0.01,0.00,0.92,100.65
0,15,-0.86,-0.04,-0.02,-0.50,0.01,-0.01,-0.01,-1.00,0.38,0.01,0.00,0.92,100.59
0,20,-0.86,-0.04,-0.02,-0.50,0.01,-0.01,-0.01,-1.00,0.38,0.01,0.00,0.92,100.63
0,25,-0.86,-0.04,-0.02,-0.50,0.01,-0.01,-0.01,-1.00,0.38,0.01,0.00,0.92,100.60
0,30,-0.86,-0.04,-0.02,-0.50,0.01,-0.01,-0.01,-1.00,0.38,0.01,0.00,0.92,100.62
0,35,-0.86,-0.04,-0.02,-0.50,0.01,-0.01,-0.01,-1.00,0.38,0.01,0.00,0.92,100.61
0,40,-0.86,-0.04,-0.02,-0.50,0.01,-0.01,-0.01,-1.00,0.38,0.01,0.00,0.92,100.63
0,45,-0.86,-0.04,-0.02,-0.50,0.01,-0.01,-0.01,-1.00,0.38,0.01,0.00,0.92,100.61
0,50,-0.86,-0.04,-0.02,-0.50,0.01,-0.01,-0.01,-1.00,0.38,0.01,0.00,0.92,100.61
0,55,-0.86,-0.04,-0.02,-0.50,0.01,-0.01,-0.01,-1.00,0.38,0.01,0.00,0.92,100.61
0,60,-0.86,-0.04,-0.02,-0.50,0.01,-0.01,-0.01,-1.00,0.38,0.01,0.00,0.92,100.61
0,65,-0.86,-0.04,-0.02,-0.50,0.01,-0.01,-0.01,-1.00,0.38,0.01,0.00,0.92,100.63
0,70,-0.86,-0.04,-0.02,-0.50,0.01,-0.01,-0.01,-1.00,0.38,0.01,0.00,0.92,100.63
0,75,-0.86,-0.04,-0.02,-0.50,0.01,-0.01,-0.01,-1.00,0.38,0.01,0.00,0.92,100.61
0,80,-0.86,-0.04,-0.02,-0.50,0.01,-0.01,-0.01,-1.00,0.38,0.01,0.00,0.92,100.60
0,85,-0.86,-0.04,-0.02,-0.50,0.01,-0.01,-0.01,-1.00,0.38,0.01,0.00,0.92,100.63
0,90,-0.86,-0.04,-0.02,-0.50,0.01,-0.01,-0.01,-1.00,0.38,0.01,0.00,0.92,100.61
0,95,-0.86,-0.04,-0.02,-0.50,0.01,-0.01,-0.01,-1.00,0.38,0.01,0.00,0.92,100.63
0,100,-0.86,-0.04,-0.02,-0.50,0.01,-0.01,-0.01,-1.00,0.38,0.01,0.00,0.92,100.64
0,105,-0.86,-0.04,-0.02,-0.50,0.01,-0.01,-0.01,-1.00,0.38,0.01,0.00,0.92,100.63
0,110,-0.86,-0.04,-0.02,-0.50,0.01,-0.01,-0.01,-1.00,0.38,0.01,0.00,0.92,100.62
0,115,-0.86,-0.04,-0.02,-0.50,0.01,-0.01,-0.01,-1.00,0.38,0.01,0.00,0.92,100.61
0,120,-0.86,-0.04,-0.02,-0.50,0.01,-0.01,-0.01,-1.00,0.38,0.01,0.00,0.92,100.63
0,125,-0.86,-0.04,-0.02,-0.50,0.01,-0.01,-0.01,-1.00,0.38,0.01,0.00,0.92,100.62
0,135,-0.86,-0.04,-0.02,-0.50,0.01,-0.01,-0.01,-1.00,0.38,0.01,0.00,0.92,100.65
0,140,-0.86,-0.04,-0.02,-0.50,0.01,-0.01,-0.01,-1.00,0.38,0.01,0.00,0.92,100.62
0,145,-0.86,-0.04,-0.02,-0.50,0.01,-0.01,-0.01,-1.00,0.38,0.01,0.00,0.92,100.63
0,150,-0.86,-0.04,-0.02,-0.50,0.01,-0.01,-0.01,-1.00,0.38,0.01,0.00,0.92,100.60
0,155,-0.86,-0.04,-0.02,-0.50,0.01,-0.01,-0.01,-1.00,0.38,0.01,0.00,0.92,100.63
0,160,-0.86,-0.04,-0.02,-0.50,0.01,-0.01,-0.01,-1.00,0.38,0.01,0.00,0.92,100.62
0,165,-0.86,-0.04,-0.02,-0.50,0.01,-0.01,-0.01,-1.00,0.38,0.01,0.00,0.92,100.59
0,170,-0.86,-0.04,-0.02,-0.50,0.01,-0.01,-0.01,-1.00,0.38,0.01,0.00,0.92,100.63
0,175,-0.86,-0.04,-0.02,-0.50,0.01,-0.01,-0.01,-1.00,0.38,0.01,0.00,0.92,100.61
0,180,-0.86,-0.04,-0.02,-0.50,0.01,-0.01,-0.01,-1.00,0.38,0.01,0.00,0.92,100.63
0,185,-0.86,-0.04,-0.02,-0.50,0.01,-0.01,-0.01,-1.00,0.38,0.01,0.00,0.92,100.63
0,190,-0.86,-0.04,-0.02,-0.50,0.01,-0.01,-0.01,-1.00,0.38,0.01,0.00,0.92,100.63
0,195,-0.86,-0.04,-0.02,-0.50,0.01,-0.01,-0.01,-1.00,0.38,0.01,0.00,0.92,100.63
0,200,-0.86,-0.04,-0.02,-0.50,0.01,-0.01,-0.01,-1.00,0.38,0.01,0.00,0.92,100.61
0,205,-0.86,-0.04,-0.02,-0.50,0.01,-0.01,-0.01,-1.00,0.38,0.01,0.00,0.92,100.61
0,210,-0.86,-0.04,-0.02,-0.50,0.01,-0.01,-0.01,-1.00,0.38,0.01,0.00,0.92,100.61
0,215,-0.86,-0.04,-0.02,-0.50,0.01,-0.01,-0.01,-1.00,0.38,0.01,0.00,0.92,100.59
0,220,-0.86,-0.04,-0.02,-0.50,0.01,-0.01,-0.01,-1.00,0.38,0.01,0.00,0.92,100.61
0,225,-0.86,-0.04,-0.02,-0.50,0.01,-0.01,-0.01,-1.00,0.38,0.01,0.00,0.92,100.65
0,230,-0.86,-0.04,-0.02,-0.50,0.01,-0.01,-0.01,-1.00,0.38,0.01,0.00,0.92,100.61
0,235,-0.86,-0.04,-0.02,-0.50,0.01,-0.01,-0.01,-1.00,0.38,0.01,0.00,0.92,100.63
0,240,-0.86,-0.04,-0.02,-0.50,0.01,-0.01,-0.01,-1.00,0.38,0.01,0.00,0.92,100.61
0,245,-0.86,-0.04,-0.02,-0.50,0.01,-0.01,-0.01,-1.00,0.38,0.01,0.00,0.92,100.62
0,250,-0.86,-0.04,-0.02,-0.50,0.01,-0.01,-0.01,-1.00,0.38,0.01,0.00,0.92,100.61
0,255,-0.86,-0.04,-0.02,-0.50,0.01,-0.01,-0.01,-1.00,0.38,0.01,0.00,0.92,100.62
0,260,-0.86,-0.04,-0.02,-0.50,0.01,-0.01,-0.01,-1.00,0.38,0.01,0.00,0.92,100.61
0,265,-0.86,-0.04,-0.02,-0.50,0.01,-0.01,-0.01,-1.00,0.38,0.01,0.00,0.92,100.63
0,270,-0.86,-0.04,-0.02,-0.50,0.01,-0.01,-0.01,-1.00,0.38,0.01,0.00,0.92,100.65
